
TIME STEP:
125 = 0.1ms

VOLTAGE STEP:
CH1:  32 = 50mV~
CH2:  32 = 5V
GND	48	128
N	CH1	CH2

0	35	104
1	35	104
2	35	104
3	35	104
4	35	104
5	33	104
6	31	104
7	33	104
8	38	104
9	41	104
10	41	104
11	42	104
12	46	104
13	50	104
14	59	104
15	65	104
16	67	104
17	73	104
18	77	104
19	83	104
20	91	104
21	96	104
22	97	104
23	97	104
24	96	104
25	96	104
26	94	104
27	89	104
28	84	104
29	81	104
30	75	104
31	71	104
32	69	104
33	64	104
34	57	104
35	52	104
36	49	104
37	49	104
38	47	104
39	44	104
40	43	104
41	42	104
42	41	104
43	41	104
44	42	104
45	39	104
46	35	104
47	34	104
48	36	104
49	38	104
50	37	104
51	36	104
52	36	104
53	37	104
54	38	104
55	38	104
56	39	104
57	37	104
58	37	104
59	39	104
60	44	104
61	49	104
62	52	104
63	56	104
64	59	104
65	63	104
66	66	104
67	67	104
68	68	104
69	69	104
70	68	104
71	69	104
72	72	104
73	73	104
74	69	104
75	65	104
76	63	104
77	62	104
78	59	104
79	56	104
80	54	104
81	50	104
82	47	104
83	49	104
84	50	104
85	49	104
86	45	104
87	42	104
88	41	104
89	41	104
90	41	104
91	39	104
92	39	104
93	39	104
94	39	104
95	41	104
96	44	104
97	42	104
98	39	104
99	38	104
100	41	104
101	43	104
102	45	104
103	47	104
104	50	104
105	55	104
106	59	104
107	65	104
108	69	104
109	70	104
110	70	104
111	71	104
112	74	104
113	77	104
114	76	104
115	73	105
116	71	104
117	69	104
118	66	104
119	63	104
120	60	104
121	56	104
122	49	104
123	47	104
124	48	104
125	47	104
126	45	104
127	42	104
128	41	104
129	40	104
130	40	104
131	38	104
132	36	104
133	33	104
134	32	104
135	33	104
136	36	104
137	37	104
138	35	104
139	33	104
140	33	104
141	34	104
142	35	104
143	35	104
144	35	104
145	35	104
146	35	104
147	39	104
148	44	104
149	47	104
150	49	104
151	54	104
152	62	104
153	66	104
154	72	104
155	75	104
156	78	104
157	80	104
158	81	104
159	83	104
160	85	104
161	81	104
162	75	104
163	70	104
164	66	104
165	64	104
166	61	104
167	57	104
168	53	104
169	51	104
170	50	104
171	49	104
172	49	104
173	42	104
174	40	104
175	37	104
176	39	104
177	41	104
178	41	104
179	39	104
180	38	104
181	38	104
182	39	104
183	38	104
184	39	104
185	37	104
186	33	104
187	34	104
188	38	104
189	43	104
190	44	104
191	44	104
192	47	104
193	50	104
194	56	104
195	60	104
196	63	104
197	65	104
198	64	104
199	66	104
200	71	104
201	75	104
202	77	104
203	75	104
204	73	104
205	72	104
206	70	104
207	67	104
208	63	104
209	60	104
210	54	104
211	51	104
212	54	104
213	54	104
214	51	104
215	47	104
216	44	104
217	43	104
218	43	104
219	42	104
220	40	104
221	39	104
222	38	104
223	39	104
224	43	104
225	44	104
226	41	104
227	37	104
228	37	104
229	38	104
230	39	104
231	39	104
232	39	104
233	41	104
234	42	104
235	45	104
236	51	104
237	56	104
238	56	104
239	56	104
240	59	104
241	65	104
242	68	104
243	70	104
244	71	104
245	73	104
246	75	104
247	75	104
248	77	104
249	76	104
250	70	104
251	64	104
252	61	104
253	61	104
254	59	104
255	55	104
256	51	104
257	48	104
258	47	104
259	46	104
260	44	104
261	42	104
262	37	104
263	34	104
264	35	104
265	39	104
266	40	104
267	38	104
268	36	104
269	37	104
270	38	104
271	38	104
272	37	104
273	37	105
274	34	104
275	33	104
276	37	104
277	43	104
278	46	104
279	45	104
280	47	104
281	53	104
282	55	104
283	59	104
284	62	104
285	64	104
286	65	104
287	65	104
288	69	104
289	73	104
290	74	104
291	71	104
292	68	104
293	65	104
294	63	104
295	61	104
296	59	104
297	56	104
298	54	104
299	52	104
300	51	104
301	53	104
302	51	104
303	47	104
304	43	104
305	41	104
306	41	104
307	41	104
308	40	104
309	39	104
310	39	104
311	39	104
312	41	104
313	44	104
314	42	104
315	37	104
316	35	104
317	37	104
318	41	104
319	43	104
320	43	104
321	45	104
322	48	104
323	53	104
324	57	104
325	62	104
326	64	104
327	62	104
328	63	104
329	67	104
330	71	104
331	73	104
332	72	104
333	70	104
334	71	104
335	68	104
336	64	104
337	62	104
338	58	104
339	53	104
340	48	104
341	49	104
342	51	104
343	50	104
344	48	104
345	46	104
346	45	104
347	44	104
348	44	104
349	43	104
350	42	104
351	38	104
352	37	104
353	41	104
354	45	104
355	44	104
356	42	104
357	41	104
358	43	104
359	44	104
360	46	104
361	47	104
362	50	104
363	52	104
364	56	104
365	62	104
366	68	104
367	69	104
368	69	104
369	69	104
370	71	104
371	73	104
372	74	104
373	72	104
374	71	104
375	69	104
376	67	104
377	67	104
378	68	104
379	63	104
380	56	104
381	52	104
382	50	104
383	49	104
384	47	104
385	45	104
386	43	104
387	42	104
388	37	104
389	39	104
390	43	104
391	39	104
392	35	104
393	34	104
394	35	104
395	37	104
396	36	104
397	35	104
398	35	104
399	35	104
400	36	104
401	37	104
402	37	104
403	35	104
404	32	104
405	33	104
406	37	104
407	42	104
408	45	104
409	46	104
410	48	104
411	51	104
412	53	104
413	55	104
414	56	104
415	56	104
416	55	104
417	56	104
418	61	104
419	65	104
420	65	104
421	64	104
422	64	104
423	64	104
424	65	104
425	64	104
426	63	104
427	61	104
428	58	104
429	57	104
430	60	104
431	61	104
432	58	104
433	54	104
434	53	104
435	52	104
436	51	104
437	50	104
438	49	104
439	48	104
440	47	104
441	47	104
442	51	104
443	54	104
444	50	104
445	46	104
446	44	104
447	45	104
448	46	104
449	46	104
450	47	104
451	47	104
452	47	104
453	49	104
454	53	104
455	56	104
456	53	104
457	50	104
458	50	104
459	54	104
460	55	104
461	56	104
462	57	104
463	58	104
464	58	104
465	59	104
466	61	104
467	61	104
468	58	104
469	55	104
470	55	104
471	57	104
472	58	104
473	56	104
474	55	104
475	54	104
476	53	104
477	52	104
478	52	104
479	51	104
480	46	104
481	43	104
482	45	104
483	47	104
484	48	104
485	47	104
486	45	104
487	46	104
488	45	104
489	45	104
490	45	104
491	44	104
492	42	104
493	41	104
494	44	104
495	50	104
496	51	104
497	48	104
498	47	104
499	48	104
500	49	104
501	50	104
502	51	104
503	53	104
504	53	104
505	53	104
506	57	104
507	62	104
508	62	104
509	59	104
510	57	104
511	58	104
512	59	104
513	59	104
514	59	104
515	58	104
516	57	104
517	56	104
518	59	104
519	60	104
520	56	104
521	51	104
522	49	104
523	49	104
524	50	104
525	48	104
526	47	104
527	47	104
528	46	104
529	46	104
530	47	104
531	48	104
532	44	104
533	40	104
534	39	104
535	42	104
536	45	104
537	44	104
538	43	104
539	44	104
540	44	104
541	44	104
542	45	104
543	46	104
544	43	104
545	42	104
546	45	104
547	49	104
548	52	104
549	56	104
550	53	104
551	54	104
552	55	104
553	56	104
554	57	104
555	57	104
556	55	104
557	54	104
558	57	104
559	62	104
560	62	104
561	60	104
562	57	104
563	57	104
564	58	104
565	57	104
566	56	104
567	55	104
568	53	104
569	51	104
570	53	104
571	56	104
572	54	104
573	50	104
574	47	104
575	47	104
576	48	104
577	47	104
578	46	104
579	46	104
580	46	104
581	46	104
582	50	104
583	52	104
584	48	104
585	44	104
586	44	104
587	46	104
588	48	104
589	48	104
590	48	104
591	49	104
592	50	104
593	51	104
594	54	104
595	55	104
596	53	104
597	51	104
598	53	104
599	57	104
600	59	104
601	60	104
602	60	104
603	57	104
604	59	104
605	61	104
606	61	104
607	61	104
608	57	104
609	55	104
610	58	104
611	60	104
612	60	104
613	58	104
614	56	104
615	56	104
616	55	104
617	54	104
618	53	104
619	51	104
620	48	104
621	47	104
622	51	104
623	53	104
624	52	104
625	49	104
626	48	104
627	49	104
628	49	104
629	49	104
630	48	104
631	48	104
632	48	104
633	50	104
634	55	104
635	56	104
636	53	104
637	52	104
638	53	104
639	54	104
640	56	104
641	56	104
642	56	104
643	57	104
644	57	104
645	58	104
646	59	104
647	57	104
648	51	104
649	48	104
650	49	104
651	49	104
652	49	104
653	48	104
654	47	104
655	48	104
656	48	104
657	49	104
658	52	104
659	49	104
660	47	104
661	47	104
662	52	104
663	57	104
664	58	104
665	59	104
666	60	104
667	62	104
668	63	104
669	64	104
670	65	104
671	62	104
672	60	104
673	62	104
674	65	104
675	65	104
676	62	104
677	59	104
678	58	104
679	56	104
680	54	104
681	52	104
682	50	104
683	48	104
684	46	104
685	49	104
686	50	104
687	48	104
688	44	104
689	42	104
690	42	104
691	42	104
692	41	104
693	40	104
694	40	104
695	41	104
696	42	104
697	46	104
698	47	104
699	43	104
700	41	104
701	41	104
702	44	104
703	47	104
704	48	104
705	49	104
706	52	104
707	55	104
708	57	104
709	61	104
710	62	104
711	60	104
712	58	104
713	60	104
714	62	104
715	63	104
716	61	104
717	59	104
718	59	104
719	57	104
720	55	104
721	53	104
722	50	104
723	45	104
724	44	104
725	47	104
726	49	104
727	48	104
728	46	104
729	45	104
730	44	104
731	45	104
732	44	104
733	43	104
734	42	104
735	40	104
736	42	104
737	47	104
738	48	104
739	47	104
740	46	104
741	46	104
742	48	104
743	50	104
744	51	104
745	53	104
746	55	104
747	56	104
748	60	104
749	65	104
750	66	104
751	63	104
752	63	104
753	63	104
754	65	104
755	65	104
756	65	104
757	64	104
758	63	104
759	63	104
760	64	104
761	65	104
762	61	104
763	55	104
764	56	104
765	53	104
766	53	104
767	52	104
768	50	104
769	49	104
770	47	104
771	47	104
772	47	104
773	46	104
774	43	104
775	38	104
776	39	104
777	42	104
778	44	104
779	43	104
780	43	104
781	42	104
782	43	104
783	43	104
784	43	104
785	42	104
786	39	104
787	39	104
788	42	104
789	47	104
790	48	104
791	48	104
792	48	104
793	50	104
794	52	104
795	54	104
796	55	104
797	56	104
798	56	104
799	56	104
800	60	104
801	64	104
802	65	104
803	62	104
804	60	104
805	61	104
806	63	104
807	61	104
808	59	104
809	56	104
810	53	104
811	51	104
812	52	104
813	51	104
814	46	104
815	40	104
816	37	104
817	36	104
818	31	104
819	31	104
820	31	104
821	31	104
822	31	104
823	31	104
824	33	104
825	32	104
826	27	104
827	22	104
828	24	104
829	27	104
830	28	104
831	27	104
832	27	104
833	26	104
834	26	104
835	26	104
836	26	104
837	25	104
838	21	104
839	19	104
840	22	104
841	26	104
842	27	104
843	26	104
844	25	104
845	25	104
846	26	104
847	25	104
848	25	104
849	25	104
850	22	104
851	21	104
852	25	104
853	29	104
854	28	104
855	26	104
856	24	104
857	25	104
858	26	104
859	26	104
860	25	104
861	25	104
862	24	104
863	24	104
864	28	104
865	31	104
866	29	104
867	25	104
868	24	104
869	25	104
870	26	104
871	26	104
872	27	104
873	29	104
874	28	104
875	28	104
876	31	104
877	33	104
878	30	104
879	26	104
880	25	104
881	26	104
882	27	104
883	27	104
884	26	104
885	26	104
886	26	104
887	26	104
888	27	104
889	28	104
890	24	105
891	20	104
892	22	104
893	25	104
894	27	104
895	25	104
896	25	104
897	25	104
898	25	104
899	25	104
900	26	104
901	26	104
902	22	104
903	19	104
904	22	104
905	26	104
906	27	104
907	26	104
908	25	104
909	25	104
910	26	104
911	26	105
912	25	104
913	25	104
914	22	104
915	20	104
916	24	104
917	28	104
918	28	104
919	26	104
920	25	104
921	25	104
922	26	104
923	25	104
924	26	104
925	26	104
926	25	104
927	23	104
928	27	104
929	31	104
930	29	104
931	25	104
932	23	104
933	24	104
934	26	104
935	25	104
936	25	104
937	25	104
938	26	104
939	25	104
940	28	104
941	31	104
942	30	104
943	25	104
944	24	104
945	25	104
946	26	104
947	26	104
948	25	104
949	25	104
950	26	104
951	25	104
952	28	104
953	30	104
954	27	104
955	22	104
956	22	104
957	24	104
958	26	104
959	26	104
960	25	104
961	25	104
962	26	104
963	25	104
964	26	104
965	26	104
966	23	104
967	20	104
968	21	104
969	24	104
970	26	104
971	26	104
972	25	104
973	25	104
974	25	104
975	25	104
976	25	104
977	25	104
978	23	104
979	21	104
980	22	104
981	26	104
982	27	105
983	26	104
984	25	104
985	25	104
986	25	104
987	25	104
988	25	104
989	25	104
990	24	104
991	23	104
992	25	104
993	30	104
994	30	104
995	28	104
996	25	104
997	25	104
998	26	104
999	25	104
1000	25	104
1001	25	104
1002	26	104
1003	25	104
1004	27	104
1005	31	104
1006	30	104
1007	26	104
1008	23	104
1009	24	104
1010	26	104
1011	26	104
1012	25	104
1013	25	104
1014	26	104
1015	26	104
1016	28	104
1017	31	104
1018	28	104
1019	25	104
1020	25	104
1021	30	104
1022	49	104
1023	255	104
1024	255	104
1025	252	104
1026	228	105
1027	200	105
1028	152	105
1029	111	104
1030	91	104
1031	67	104
1032	54	104
1033	45	104
1034	45	104
1035	41	104
1036	38	104
1037	37	104
1038	36	104
1039	34	104
1040	32	104
1041	31	104
1042	29	104
1043	24	104
1044	25	104
1045	29	104
1046	31	104
1047	30	104
1048	28	104
1049	27	104
1050	27	104
1051	27	104
1052	26	104
1053	26	104
1054	26	104
1055	23	104
1056	25	104
1057	30	104
1058	31	104
1059	29	104
1060	26	104
1061	26	104
1062	27	104
1063	27	104
1064	27	104
1065	27	104
1066	28	104
1067	28	104
1068	31	104
1069	39	104
1070	46	104
1071	70	104
1072	118	104
1073	134	104
1074	130	104
1075	142	104
1076	145	104
1077	133	104
1078	121	104
1079	108	104
1080	93	104
1081	82	104
1082	71	104
1083	58	104
1084	49	104
1085	45	104
1086	44	104
1087	43	104
1088	39	104
1089	38	104
1090	37	104
1091	35	104
1092	34	104
1093	35	104
1094	33	104
1095	27	104
1096	25	104
1097	27	104
1098	31	104
1099	31	104
1100	29	104
1101	29	104
1102	28	104
1103	29	104
1104	28	104
1105	28	104
1106	27	104
1107	23	104
1108	23	104
1109	28	104
1110	30	104
1111	31	104
1112	29	104
1113	29	104
1114	30	104
1115	33	104
1116	34	104
1117	38	104
1118	50	104
1119	106	104
1120	90	104
1121	116	104
1122	129	104
1123	130	104
1124	130	104
1125	123	104
1126	115	104
1127	104	104
1128	93	104
1129	81	104
1130	71	104
1131	62	104
1132	55	104
1133	55	104
1134	52	104
1135	47	104
1136	41	104
1137	38	104
1138	37	104
1139	37	104
1140	35	104
1141	34	104
1142	33	104
1143	33	104
1144	33	104
1145	35	104
1146	35	104
1147	30	104
1148	27	104
1149	27	104
1150	30	104
1151	30	104
1152	29	104
1153	28	104
1154	29	104
1155	29	104
1156	29	104
1157	31	104
1158	31	104
1159	26	104
1160	25	104
1161	27	104
1162	31	104
1163	33	104
1164	34	104
1165	37	104
1166	44	104
1167	63	104
1168	91	104
1169	90	104
1170	101	104
1171	105	104
1172	104	104
1173	107	104
1174	107	104
1175	103	104
1176	95	104
1177	86	104
1178	79	104
1179	71	104
1180	65	104
1181	58	104
1182	53	104
1183	46	104
1184	43	104
1185	43	104
1186	45	104
1187	43	104
1188	39	104
1189	36	104
1190	36	104
1191	36	104
1192	35	104
1193	33	104
1194	32	104
1195	31	104
1196	32	104
1197	35	104
1198	38	104
1199	35	104
1200	32	104
1201	30	104
1202	32	104
1203	33	104
1204	33	104
1205	33	104
1206	35	104
1207	39	104
1208	43	104
1209	52	105
1210	71	104
1211	81	104
1212	85	104
1213	94	104
1214	102	104
1215	108	104
1216	109	104
1217	93	104
1218	69	104
1219	60	104
1220	55	104
1221	53	104
1222	53	104
1223	47	104
1224	42	104
1225	41	104
1226	41	104
1227	43	104
1228	41	104
1229	39	104
1230	38	104
1231	39	104
1232	38	104
1233	37	104
1234	38	104
1235	34	104
1236	31	104
1237	34	104
1238	37	104
1239	39	104
1240	39	104
1241	38	104
1242	40	104
1243	42	104
1244	44	104
1245	46	104
1246	48	104
1247	50	104
1248	51	104
1249	58	104
1250	62	104
1251	66	104
1252	67	104
1253	68	104
1254	68	104
1255	69	104
1256	69	104
1257	67	104
1258	65	104
1259	63	104
1260	59	104
1261	60	104
1262	62	104
1263	59	104
1264	55	104
1265	51	104
1266	49	104
1267	48	104
1268	47	104
1269	46	104
1270	44	104
1271	45	104
1272	45	104
1273	46	104
1274	50	104
1275	48	104
1276	44	104
1277	43	104
1278	44	104
1279	47	104
1280	49	104
1281	50	104
1282	53	104
1283	58	104
1284	62	104
1285	66	104
1286	72	104
1287	73	104
1288	70	104
1289	70	104
1290	71	104
1291	72	104
1292	70	104
1293	65	104
1294	60	104
1295	54	104
1296	50	104
1297	46	104
1298	45	104
1299	41	104
1300	35	104
1301	34	104
1302	38	104
1303	37	104
1304	37	104
1305	36	104
1306	35	104
1307	35	104
1308	35	104
1309	33	104
1310	33	104
1311	31	104
1312	27	104
1313	29	104
1314	33	104
1315	36	104
1316	35	104
1317	33	104
1318	33	104
1319	35	104
1320	36	104
1321	38	104
1322	39	104
1323	43	104
1324	47	104
1325	57	104
1326	67	104
1327	72	104
1328	76	104
1329	77	104
1330	79	104
1331	82	104
1332	83	104
1333	82	104
1334	80	104
1335	79	104
1336	75	104
1337	73	104
1338	73	104
1339	70	104
1340	63	104
1341	57	104
1342	54	104
1343	53	104
1344	51	104
1345	48	104
1346	45	104
1347	45	104
1348	44	104
1349	44	104
1350	46	104
1351	45	104
1352	40	104
1353	37	104
1354	38	104
1355	40	104
1356	42	104
1357	42	104
1358	41	104
1359	42	104
1360	43	104
1361	46	104
1362	50	104
1363	55	104
1364	56	104
1365	58	104
1366	65	104
1367	72	104
1368	76	104
1369	77	104
1370	79	104
1371	79	104
1372	80	104
1373	77	104
1374	69	104
1375	58	104
1376	46	104
1377	40	104
1378	42	104
1379	43	104
1380	42	104
1381	39	104
1382	38	104
1383	38	104
1384	39	104
1385	37	104
1386	36	104
1387	35	104
1388	33	104
1389	32	104
1390	37	104
1391	40	104
1392	39	104
1393	37	104
1394	37	104
1395	39	104
1396	41	104
1397	43	104
1398	44	104
1399	47	104
1400	51	104
1401	57	104
1402	64	104
1403	70	104
1404	71	104
1405	72	104
1406	73	104
1407	76	104
1408	78	104
1409	78	104
1410	78	104
1411	77	104
1412	74	104
1413	72	104
1414	72	104
1415	71	104
1416	64	104
1417	58	104
1418	54	104
1419	53	104
1420	52	104
1421	49	104
1422	47	104
1423	45	104
1424	45	104
1425	44	104
1426	45	104
1427	45	105
1428	40	104
1429	35	104
1430	35	104
1431	38	104
1432	39	104
1433	37	104
1434	36	104
1435	37	104
1436	38	104
1437	38	104
1438	38	104
1439	39	104
1440	36	104
1441	35	104
1442	38	104
1443	43	104
1444	47	104
1445	50	104
1446	53	104
1447	58	104
1448	62	104
1449	66	104
1450	69	104
1451	71	104
1452	71	104
1453	71	104
1454	73	104
1455	77	104
1456	78	104
1457	74	104
1458	70	104
1459	67	104
1460	63	104
1461	60	104
1462	55	104
1463	51	104
1464	47	104
1465	42	104
1466	44	104
1467	47	104
1468	46	104
1469	41	104
1470	38	104
1471	37	104
1472	38	104
1473	37	104
1474	36	104
1475	35	104
1476	36	104
1477	36	104
1478	39	104
1479	42	104
1480	39	104
1481	36	104
1482	35	104
1483	36	104
1484	39	104
1485	40	104
1486	41	104
1487	43	104
1488	48	104
1489	54	104
1490	62	104
1491	67	104
1492	68	104
1493	67	104
1494	69	104
1495	73	104
1496	76	104
1497	76	104
1498	74	104
1499	73	104
1500	72	104
1501	70	104
1502	67	104
1503	66	104
1504	61	104
1505	54	104
1506	52	104
1507	53	104
1508	53	104
1509	51	104
1510	47	104
1511	46	104
1512	46	104
1513	45	104
1514	43	104
1515	42	104
1516	40	104
1517	36	104
1518	35	104
1519	41	104
1520	42	104
1521	42	104
1522	40	104
1523	41	104
1524	42	104
1525	42	104
1526	42	104
1527	43	104
1528	44	104
1529	43	104
1530	47	104
1531	54	104
1532	58	104
1533	58	104
1534	58	104
1535	60	105
1536	63	104
1537	65	104
1538	66	104
1539	66	104
1540	67	104
1541	66	104
1542	66	104
1543	70	104
1544	69	104
1545	64	104
1546	59	104
1547	57	104
1548	56	104
1549	54	104
1550	52	104
1551	50	104
1552	49	104
1553	48	104
1554	47	104
1555	50	104
1556	48	104
1557	42	104
1558	39	104
1559	40	104
1560	41	104
1561	41	104
1562	39	104
1563	39	104
1564	39	104
1565	40	104
1566	40	104
1567	42	104
1568	42	104
1569	37	104
1570	35	104
1571	39	104
1572	45	104
1573	46	104
1574	46	104
1575	46	104
1576	49	104
1577	53	104
1578	55	104
1579	57	104
1580	58	104
1581	56	104
1582	56	104
1583	61	104
1584	65	104
1585	65	104
1586	63	104
1587	61	104
1588	62	104
1589	60	104
1590	59	104
1591	58	104
1592	57	104
1593	53	104
1594	51	104
1595	54	104
1596	57	104
1597	55	104
1598	52	104
1599	50	104
1600	51	104
1601	51	104
1602	50	104
1603	49	104
1604	49	104
1605	48	104
1606	47	104
1607	51	104
1608	55	104
1609	52	104
1610	49	104
1611	48	104
1612	50	104
1613	51	104
1614	51	104
1615	51	104
1616	52	104
1617	54	104
1618	55	104
1619	58	104
1620	62	104
1621	60	104
1622	55	104
1623	55	104
1624	57	104
1625	60	104
1626	57	104
1627	55	104
1628	54	104
1629	54	104
1630	54	104
1631	54	104
1632	55	104
1633	51	104
1634	45	104
1635	45	104
1636	47	104
1637	48	104
1638	46	104
1639	44	104
1640	44	104
1641	44	104
1642	44	104
1643	44	104
1644	44	104
1645	40	104
1646	35	104
1647	37	104
1648	41	104
1649	42	104
1650	41	104
1651	40	104
1652	41	104
1653	43	104
1654	43	104
1655	43	104
1656	44	104
1657	43	104
1658	41	104
1659	45	104
1660	53	104
1661	56	104
1662	57	104
1663	57	104
1664	59	104
1665	63	104
1666	64	104
1667	65	104
1668	66	104
1669	65	104
1670	64	104
1671	66	104
1672	70	104
1673	70	104
1674	66	104
1675	62	104
1676	61	104
1677	60	104
1678	60	104
1679	54	104
1680	51	104
1681	50	104
1682	49	104
1683	51	104
1684	53	104
1685	51	104
1686	45	104
1687	42	104
1688	42	104
1689	44	104
1690	42	104
1691	41	104
1692	40	104
1693	41	104
1694	42	104
1695	43	104
1696	46	104
1697	45	104
1698	39	104
1699	38	104
1700	41	104
1701	44	104
1702	45	104
1703	45	104
1704	47	104
1705	49	104
1706	52	104
1707	55	104
1708	59	104
1709	59	104
1710	56	104
1711	56	104
1712	61	104
1713	66	104
1714	66	104
1715	65	104
1716	65	104
1717	65	104
1718	65	104
1719	64	104
1720	62	104
1721	60	104
1722	55	104
1723	52	104
1724	55	104
1725	56	104
1726	54	104
1727	50	104
1728	49	104
1729	49	104
1730	48	104
1731	47	104
1732	42	104
1733	43	104
1734	40	104
1735	40	104
1736	45	104
1737	47	104
1738	45	104
1739	41	104
1740	41	104
1741	43	104
1742	43	104
1743	42	104
1744	42	104
1745	43	104
1746	43	104
1747	44	104
1748	50	104
1749	54	104
1750	52	104
1751	50	104
1752	53	104
1753	57	104
1754	59	104
1755	59	104
1756	61	104
1757	62	104
1758	64	104
1759	65	104
1760	68	104
1761	70	104
1762	65	104
1763	61	104
1764	60	104
1765	61	104
1766	61	104
1767	58	104
1768	56	104
1769	55	104
1770	54	104
1771	53	104
1772	53	104
1773	53	104
1774	48	104
1775	43	104
1776	43	104
1777	46	104
1778	47	104
1779	45	104
1780	43	104
1781	44	104
1782	45	104
1783	45	104
1784	45	104
1785	45	104
1786	42	104
1787	41	104
1788	44	104
1789	49	104
1790	50	104
1791	49	104
1792	51	104
1793	53	104
1794	55	104
1795	55	104
1796	55	104
1797	55	104
1798	53	104
1799	49	104
1800	51	104
1801	55	104
1802	54	104
1803	50	104
1804	48	104
1805	49	104
1806	50	104
1807	49	104
1808	48	104
1809	48	104
1810	48	104
1811	47	104
1812	51	104
1813	57	104
1814	58	104
1815	56	104
1816	55	104
1817	59	104
1818	62	104
1819	63	104
1820	65	104
1821	66	104
1822	67	104
1823	69	104
1824	72	104
1825	76	104
1826	74	104
1827	69	104
1828	67	104
1829	66	104
1830	67	104
1831	64	104
1832	61	104
1833	59	104
1834	57	104
1835	55	104
1836	55	104
1837	56	104
1838	52	104
1839	46	104
1840	44	104
1841	44	104
1842	45	104
1843	43	104
1844	40	104
1845	41	104
1846	41	104
1847	41	104
1848	40	104
1849	42	104
1850	39	104
1851	34	104
1852	35	104
1853	39	104
1854	42	104
1855	41	104
1856	41	104
1857	43	104
1858	46	104
1859	47	104
1860	49	104
1861	51	104
1862	53	104
1863	52	104
1864	55	104
1865	61	104
1866	65	104
1867	66	104
1868	65	104
1869	65	104
1870	66	104
1871	65	104
1872	63	104
1873	61	104
1874	58	104
1875	53	104
1876	52	104
1877	56	104
1878	56	104
1879	52	104
1880	48	104
1881	47	104
1882	48	104
1883	47	104
1884	45	104
1885	44	104
1886	44	104
1887	42	104
1888	43	104
1889	48	104
1890	49	104
1891	45	104
1892	42	104
1893	44	104
1894	44	104
1895	44	104
1896	44	104
1897	46	104
1898	48	104
1899	49	104
1900	51	104
1901	56	104
1902	59	104
1903	55	104
1904	53	104
1905	56	104
1906	59	104
1907	61	104
1908	60	104
1909	61	104
1910	63	104
1911	63	104
1912	63	104
1913	64	104
1914	64	104
1915	59	104
1916	54	104
1917	56	104
1918	58	104
1919	57	104
1920	54	104
1921	53	104
1922	52	104
1923	51	104
1924	50	104
1925	49	104
1926	48	104
1927	43	104
1928	40	104
1929	43	104
1930	46	104
1931	46	104
1932	43	104
1933	42	104
1934	44	104
1935	44	104
1936	43	104
1937	43	104
1938	43	104
1939	39	104
1940	38	104
1941	43	104
1942	48	104
1943	47	104
1944	45	104
1945	45	104
1946	48	104
1947	47	104
1948	51	104
1949	52	104
1950	53	104
1951	54	104
1952	54	104
1953	59	104
1954	64	104
1955	63	104
1956	59	104
1957	59	104
1958	61	104
1959	62	104
1960	60	104
1961	60	104
1962	59	104
1963	59	104
1964	57	104
1965	59	104
1966	61	104
1967	58	104
1968	52	104
1969	50	104
1970	51	104
1971	52	104
1972	49	104
1973	47	104
1974	47	104
1975	47	104
1976	47	104
1977	48	104
1978	50	104
1979	46	104
1980	41	104
1981	41	104
1982	44	104
1983	46	104
1984	45	104
1985	44	104
1986	45	104
1987	48	104
1988	47	104
1989	48	104
1990	51	104
1991	48	104
1992	43	104
1993	42	104
1994	46	104
1995	47	104
1996	45	104
1997	42	104
1998	41	104
1999	40	104
2000	38	104
2001	37	104
2002	35	104
2003	32	104
2004	26	104
2005	27	104
2006	32	104
2007	33	104
2008	29	104
2009	27	104
2010	28	104
2011	28	104
2012	27	104
2013	26	104
2014	27	104
2015	26	104
2016	23	104
2017	25	104
2018	31	104
2019	31	104
2020	27	104
2021	25	104
2022	26	104
2023	27	104
2024	25	104
2025	25	104
2026	25	104
2027	25	104
2028	24	104
2029	27	104
2030	32	104
2031	31	104
2032	25	104
2033	23	104
2034	24	104
2035	27	104
2036	25	104
2037	24	104
2038	25	104
2039	26	104
2040	25	104
2041	26	104
2042	31	104
2043	29	104
2044	23	104
2045	21	104
2046	24	104
2047	27	104
2048	26	104
2049	24	104
2050	25	104
2051	25	104
2052	26	104
2053	26	104
2054	28	104
2055	29	104
2056	23	104
2057	21	104
2058	25	104
2059	28	104
2060	28	104
2061	26	104
2062	26	104
2063	27	104
2064	27	104
2065	26	104
2066	27	104
2067	25	104
2068	20	104
2069	20	104
2070	25	104
2071	29	104
2072	27	104
2073	25	104
2074	25	104
2075	27	104
2076	26	104
2077	25	104
2078	25	104
2079	25	104
2080	21	104
2081	21	104
2082	27	104
2083	30	104
2084	27	104
2085	24	104
2086	24	104
2087	26	104
2088	26	104
2089	25	104
2090	25	104
2091	26	104
2092	25	104
2093	25	104
2094	30	104
2095	33	104
2096	28	104
2097	24	104
2098	24	104
2099	26	104
2100	26	104
2101	25	104
2102	25	104
2103	25	104
2104	25	104
2105	25	104
2106	30	104
2107	31	104
2108	24	104
2109	21	104
2110	22	104
2111	24	104
2112	26	104
2113	25	104
2114	25	104
2115	25	104
2116	25	104
2117	25	104
2118	28	104
2119	29	104
2120	23	104
2121	19	104
2122	22	104
2123	27	104
2124	28	104
2125	26	104
2126	25	104
2127	26	104
2128	26	104
2129	25	104
2130	25	104
2131	26	104
2132	22	104
2133	18	104
2134	22	104
2135	27	104
2136	28	104
2137	25	104
2138	24	104
2139	26	104
2140	26	104
2141	25	104
2142	25	104
2143	26	104
2144	23	104
2145	19	104
2146	24	104
2147	30	104
2148	29	104
2149	25	104
2150	23	104
2151	25	104
2152	27	104
2153	25	104
2154	25	104
2155	25	104
2156	24	104
2157	22	104
2158	26	104
2159	32	104
2160	29	104
2161	25	104
2162	24	104
2163	24	104
2164	25	104
2165	25	104
2166	25	104
2167	26	104
2168	25	104
2169	25	104
2170	28	104
2171	33	104
2172	29	104
2173	23	104
2174	23	104
2175	25	104
2176	27	104
2177	26	104
2178	25	104
2179	26	104
2180	26	104
2181	26	104
2182	27	104
2183	30	104
2184	27	104
2185	22	104
2186	22	104
2187	25	104
2188	27	104
2189	26	104
2190	24	104
2191	25	104
2192	26	104
2193	25	104
2194	25	104
2195	28	104
2196	25	104
2197	20	104
2198	21	104
2199	27	104
2200	32	104
2201	39	104
2202	177	104
2203	255	104
2204	255	105
2205	255	105
2206	252	105
2207	169	104
2208	130	104
2209	97	104
2210	68	105
2211	59	104
2212	53	104
2213	46	104
2214	40	104
2215	37	104
2216	35	104
2217	34	104
2218	33	104
2219	32	104
2220	31	104
2221	26	104
2222	27	104
2223	33	104
2224	34	104
2225	30	104
2226	26	104
2227	27	104
2228	28	104
2229	28	104
2230	27	104
2231	26	104
2232	27	104
2233	25	104
2234	26	104
2235	31	104
2236	33	104
2237	27	104
2238	24	104
2239	25	104
2240	27	104
2241	27	104
2242	25	104
2243	26	104
2244	27	104
2245	27	104
2246	27	104
2247	33	104
2248	33	104
2249	29	104
2250	28	104
2251	36	104
2252	61	104
2253	141	104
2254	146	104
2255	134	104
2256	149	104
2257	150	104
2258	133	104
2259	121	104
2260	109	104
2261	89	104
2262	72	104
2263	64	104
2264	58	104
2265	53	104
2266	46	104
2267	42	104
2268	41	104
2269	39	104
2270	37	104
2271	37	104
2272	36	104
2273	30	104
2274	26	104
2275	29	104
2276	33	104
2277	32	104
2278	30	104
2279	28	104
2280	29	104
2281	30	105
2282	29	104
2283	28	104
2284	28	104
2285	24	104
2286	22	105
2287	27	104
2288	32	104
2289	30	104
2290	28	104
2291	26	104
2292	28	104
2293	29	104
2294	28	104
2295	28	104
2296	29	104
2297	29	104
2298	29	104
2299	36	104
2300	44	104
2301	52	104
2302	102	104
2303	88	104
2304	115	104
2305	120	104
2306	120	104
2307	120	104
2308	115	104
2309	108	104
2310	97	104
2311	89	104
2312	84	104
2313	73	104
2314	60	104
2315	53	104
2316	50	104
2317	48	104
2318	44	104
2319	41	104
2320	39	104
2321	39	104
2322	37	104
2323	38	104
2324	40	104
2325	35	104
2326	29	104
2327	29	104
2328	31	104
2329	33	104
2330	31	104
2331	29	104
2332	30	104
2333	31	104
2334	30	104
2335	30	104
2336	31	104
2337	28	104
2338	23	104
2339	26	104
2340	31	104
2341	33	104
2342	32	104
2343	32	104
2344	33	104
2345	37	104
2346	40	104
2347	47	104
2348	71	104
2349	80	104
2350	85	104
2351	93	104
2352	106	104
2353	110	104
2354	110	104
2355	107	104
2356	103	104
2357	99	104
2358	92	104
2359	84	104
2360	77	104
2361	71	104
2362	62	104
2363	59	104
2364	60	104
2365	57	104
2366	51	104
2367	47	104
2368	45	104
2369	45	104
2370	44	104
2371	41	104
2372	40	104
2373	41	104
2374	39	104
2375	39	104
2376	44	104
2377	45	104
2378	37	104
2379	35	104
2380	36	104
2381	39	104
2382	41	104
2383	40	104
2384	41	104
2385	43	104
2386	45	104
2387	48	104
2388	54	104
2389	57	104
2390	55	104
2391	55	104
2392	59	104
2393	64	104
2394	66	104
2395	65	104
2396	66	104
2397	67	104
2398	67	104
2399	65	104
2400	67	104
2401	65	104
2402	59	104
2403	55	104
2404	56	104
2405	57	104
2406	55	104
2407	51	104
2408	49	104
2409	49	104
2410	48	104
2411	46	104
2412	45	104
2413	44	104
2414	39	104
2415	37	104
2416	41	104
2417	43	104
2418	42	104
2419	39	104
2420	39	104
2421	40	104
2422	40	104
2423	39	104
2424	39	104
2425	40	104
2426	37	104
2427	37	104
2428	43	104
2429	48	104
2430	46	104
2431	43	104
2432	47	104
2433	50	104
2434	53	104
2435	56	104
2436	57	104
2437	60	104
2438	61	104
2439	62	104
2440	67	104
2441	71	104
2442	69	104
2443	66	104
2444	65	104
2445	67	104
2446	66	104
2447	63	104
2448	62	104
2449	61	104
2450	59	104
2451	57	104
2452	59	104
2453	60	104
2454	54	104
2455	49	104
2456	48	104
2457	49	104
2458	49	104
2459	46	104
2460	45	104
2461	45	104
2462	46	104
2463	44	104
2464	46	104
2465	47	104
2466	43	104
2467	39	104
2468	42	104
2469	46	104
2470	47	104
2471	46	104
2472	47	104
2473	49	104
2474	52	104
2475	53	104
2476	55	104
2477	58	104
2478	57	104
2479	55	104
2480	60	104
2481	66	104
2482	68	104
2483	67	104
2484	67	104
2485	69	105
2486	69	104
2487	69	104
2488	66	104
2489	64	104
2490	60	104
2491	56	104
2492	57	104
2493	60	104
2494	57	104
2495	53	104
2496	49	104
2497	49	104
2498	49	104
2499	47	104
2500	44	104
2501	44	104
2502	43	104
2503	40	104
2504	43	104
2505	47	104
2506	45	104
2507	40	104
2508	38	104
2509	40	104
2510	41	104
2511	40	104
2512	40	104
2513	41	104
2514	42	104
2515	42	104
2516	46	104
2517	51	104
2518	50	104
2519	47	104
2520	49	104
2521	54	104
2522	58	104
2523	59	104
2524	59	104
2525	61	104
2526	63	104
2527	63	104
2528	64	104
2529	66	105
2530	63	104
2531	56	104
2532	54	104
2533	54	104
2534	54	104
2535	51	104
2536	48	104
2537	47	104
2538	47	104
2539	47	104
2540	46	104
2541	46	104
2542	43	104
2543	38	104
2544	41	104
2545	48	104
2546	54	104
2547	62	104
2548	68	104
2549	77	104
2550	84	104
2551	62	104
2552	47	104
2553	42	104
2554	37	104
2555	31	104
2556	32	104
2557	37	104
2558	37	104
2559	34	104
2560	31	104
2561	32	104
2562	33	104
2563	33	104
2564	31	104
2565	32	104
2566	33	104
2567	30	104
2568	34	104
2569	41	104
2570	45	104
2571	46	104
2572	55	104
2573	73	104
2574	77	104
2575	88	104
2576	93	104
2577	97	104
2578	98	104
2579	92	104
2580	83	104
2581	74	104
2582	66	104
2583	56	104
2584	51	104
2585	50	104
2586	51	104
2587	50	104
2588	47	104
2589	46	104
2590	47	104
2591	47	104
2592	47	104
2593	48	104
2594	48	104
2595	42	104
2596	40	104
2597	42	104
2598	44	104
2599	43	104
2600	41	104
2601	41	104
2602	43	104
2603	43	104
2604	43	104
2605	45	104
2606	45	104
2607	41	104
2608	41	104
2609	47	104
2610	51	104
2611	53	104
2612	54	104
2613	55	104
2614	59	104
2615	61	104
2616	62	104
2617	63	104
2618	64	104
2619	61	104
2620	59	104
2621	63	104
2622	65	104
2623	63	104
2624	61	104
2625	58	104
2626	58	104
2627	57	104
2628	54	104
2629	51	104
2630	51	104
2631	47	104
2632	44	104
2633	47	104
2634	49	104
2635	47	104
2636	43	104
2637	42	104
2638	43	104
2639	43	104
2640	41	104
2641	40	104
2642	41	104
2643	40	104
2644	40	104
2645	44	104
2646	44	104
2647	43	104
2648	41	104
2649	41	104
2650	44	104
2651	46	104
2652	46	104
2653	47	104
2654	50	104
2655	53	104
2656	55	104
2657	60	104
2658	64	104
2659	62	104
2660	59	104
2661	61	104
2662	63	104
2663	63	104
2664	61	104
2665	59	104
2666	59	104
2667	59	104
2668	59	104
2669	59	104
2670	60	104
2671	56	104
2672	52	104
2673	53	104
2674	55	104
2675	55	104
2676	54	104
2677	51	104
2678	50	104
2679	49	104
2680	47	104
2681	45	104
2682	44	104
2683	40	104
2684	36	104
2685	38	104
2686	41	104
2687	41	104
2688	40	104
2689	39	104
2690	41	104
2691	42	104
2692	42	104
2693	42	104
2694	44	104
2695	45	104
2696	45	104
2697	51	104
2698	59	104
2699	62	104
2700	64	104
2701	65	104
2702	69	104
2703	72	104
2704	73	104
2705	73	104
2706	74	104
2707	74	104
2708	71	104
2709	72	104
2710	75	104
2711	71	104
2712	65	104
2713	61	105
2714	59	104
2715	57	104
2716	53	104
2717	49	104
2718	47	104
2719	47	104
2720	45	104
2721	46	104
2722	48	104
2723	45	104
2724	39	104
2725	37	104
2726	39	104
2727	39	104
2728	38	104
2729	36	104
2730	37	104
2731	38	104
2732	38	104
2733	39	104
2734	42	104
2735	40	104
2736	35	104
2737	36	104
2738	40	104
2739	44	104
2740	45	104
2741	46	104
2742	49	104
2743	55	104
2744	58	104
2745	60	104
2746	63	104
2747	63	104
2748	59	104
2749	59	104
2750	62	104
2751	63	104
2752	62	104
2753	59	104
2754	59	104
2755	59	104
2756	57	104
2757	55	104
2758	53	104
2759	52	104
2760	48	104
2761	48	104
2762	52	104
2763	54	104
2764	52	104
2765	50	104
2766	49	104
2767	51	104
2768	50	104
2769	49	104
2770	48	104
2771	49	104
2772	47	104
2773	47	104
2774	51	104
2775	53	104
2776	51	104
2777	48	104
2778	48	104
2779	50	104
2780	50	104
2781	49	104
2782	49	104
2783	50	104
2784	51	104
2785	51	104
2786	55	104
2787	57	104
2788	53	104
2789	51	104
2790	51	104
2791	53	104
2792	54	104
2793	52	104
2794	51	104
2795	53	104
2796	53	104
2797	53	104
2798	56	104
2799	57	104
2800	52	104
2801	50	104
2802	51	104
2803	53	104
2804	53	104
2805	51	104
2806	51	104
2807	52	104
2808	51	104
2809	51	104
2810	52	104
2811	53	104
2812	49	104
2813	46	104
2814	48	104
2815	51	104
2816	52	104
2817	51	104
2818	50	104
2819	51	104
2820	51	104
2821	51	104
2822	51	104
2823	51	104
2824	49	104
2825	47	104
2826	51	104
2827	54	104
2828	53	104
2829	52	104
2830	52	104
2831	53	104
2832	54	104
2833	54	104
2834	53	104
2835	52	104
2836	51	104
2837	49	104
2838	52	104
2839	56	104
2840	55	104
2841	52	104
2842	51	104
2843	53	104
2844	53	104
2845	52	104
2846	51	104
2847	51	104
2848	51	104
2849	49	104
2850	53	104
2851	56	104
2852	53	104
2853	50	104
2854	49	104
2855	50	104
2856	50	104
2857	50	104
2858	49	104
2859	49	104
2860	50	104
2861	47	104
2862	51	104
2863	55	104
2864	52	104
2865	48	104
2866	49	104
2867	50	104
2868	51	104
2869	49	104
2870	49	104
2871	49	104
2872	51	104
2873	51	104
2874	52	104
2875	53	104
2876	51	104
2877	47	104
2878	47	104
2879	50	104
2880	51	104
2881	50	104
2882	49	104
2883	50	104
2884	51	104
2885	51	104
2886	50	104
2887	51	104
2888	49	104
2889	45	104
2890	47	104
2891	50	104
2892	52	104
2893	51	105
2894	49	104
2895	51	104
2896	51	104
2897	51	104
2898	50	104
2899	50	104
2900	49	104
2901	46	104
2902	47	104
2903	52	104
2904	53	104
2905	51	104
2906	50	104
2907	51	104
2908	52	104
2909	52	104
2910	51	104
2911	51	104
2912	51	104
2913	49	104
2914	51	104
2915	56	104
2916	57	104
2917	55	104
2918	53	104
2919	52	104
2920	54	104
2921	53	104
2922	53	104
2923	52	104
2924	53	104
2925	53	104
2926	55	104
2927	58	104
2928	59	104
2929	55	104
2930	53	104
2931	53	104
2932	55	104
2933	55	104
2934	55	104
2935	55	104
2936	56	104
2937	56	104
2938	57	104
2939	59	104
2940	58	104
2941	54	104
2942	51	104
2943	53	104
2944	55	104
2945	54	104
2946	52	104
2947	52	104
2948	53	104
2949	54	104
2950	54	104
2951	55	104
2952	55	104
2953	51	104
2954	50	104
2955	53	104
2956	55	104
2957	57	104
2958	55	104
2959	56	104
2960	57	104
2961	58	104
2962	58	104
2963	57	104
2964	57	104
2965	54	104
2966	52	104
2967	56	104
2968	58	104
2969	59	104
2970	57	104
2971	55	104
2972	55	104
2973	54	104
2974	52	104
2975	51	104
2976	51	104
2977	47	104
2978	45	104
2979	48	104
2980	51	104
2981	48	104
2982	45	104
2983	44	104
2984	45	104
2985	45	104
2986	44	104
2987	44	104
2988	44	104
2989	44	104
2990	44	104
2991	49	104
2992	53	104
2993	51	104
2994	51	104
2995	52	104
2996	56	104
2997	58	104
2998	60	104
2999	62	104
3000	63	104
3001	65	104
3002	66	104
3003	69	104
3004	71	104
3005	67	104
3006	63	104
3007	61	104
3008	61	104
3009	60	104
3010	57	104
3011	55	104
3012	53	104
3013	53	104
3014	51	104
3015	52	104
3016	52	104
3017	47	104
3018	43	104
3019	44	104
3020	45	104
3021	46	104
3022	46	104
3023	43	104
3024	43	104
3025	43	104
3026	44	104
3027	45	104
3028	45	104
3029	43	104
3030	40	104
3031	43	104
3032	47	104
3033	49	104
3034	49	104
3035	49	104
3036	51	104
3037	52	104
3038	53	104
3039	53	104
3040	53	104
3041	51	104
3042	48	104
3043	49	104
3044	53	104
3045	53	104
3046	52	104
3047	49	104
3048	49	104
3049	49	104
3050	48	104
3051	48	104
3052	47	104
3053	46	104
3054	44	104
3055	47	104
3056	51	104
3057	51	104
3058	49	104
3059	48	104
3060	49	104
3061	51	104
3062	53	104
3063	53	104
3064	55	104
3065	56	104
3066	57	104
3067	60	104
3068	65	104
3069	65	104
3070	62	104
3071	61	104
3072	62	104
3073	64	104
3074	64	104
3075	62	104
3076	59	104
3077	60	104
3078	59	104
3079	57	104
3080	57	104
3081	54	104
3082	47	104
3083	43	104
3084	43	104
3085	44	104
3086	44	104
3087	42	104
3088	41	104
3089	41	104
3090	42	104
3091	42	104
3092	43	104
3093	41	104
3094	37	104
3095	37	104
3096	41	104
3097	44	104
3098	46	104
3099	46	104
3100	47	104
3101	51	104
3102	54	104
3103	56	104
3104	57	104
3105	59	104
3106	57	104
3107	58	104
3108	63	104
3109	67	104
3110	68	104
3111	67	104
3112	67	104
3113	67	104
3114	66	104
3115	65	104
3116	63	104
3117	61	104
3118	57	104
3119	54	104
3120	56	104
3121	57	104
3122	54	104
3123	51	104
3124	49	104
3125	48	104
3126	47	104
3127	46	104
3128	45	104
3129	44	104
3130	44	104
3131	42	104
3132	46	104
3133	48	104
3134	45	104
3135	42	104
3136	41	104
3137	42	104
3138	42	104
3139	43	104
3140	43	104
3141	44	104
3142	45	104
3143	47	104
3144	51	104
3145	55	104
3146	55	104
3147	53	104
3148	55	104
3149	59	104
3150	63	104
3151	65	104
3152	66	104
3153	67	104
3154	68	104
3155	69	104
3156	69	104
3157	70	104
3158	65	104
3159	56	104
3160	51	104
3161	49	104
3162	47	104
3163	45	104
3164	43	104
3165	42	104
3166	41	104
3167	41	104
3168	40	104
3169	40	104
3170	39	104
3171	34	104
3172	37	104
3173	40	104
3174	41	104
3175	40	104
3176	38	104
3177	38	104
3178	38	104
3179	39	104
3180	38	104
3181	36	104
3182	34	104
3183	29	104
3184	32	104
3185	35	104
3186	34	104
3187	32	104
3188	29	104
3189	28	104
3190	28	104
3191	28	104
3192	27	104
3193	27	104
3194	26	104
3195	25	104
3196	27	104
3197	31	104
3198	31	104
3199	28	104
3200	25	104
3201	25	104
3202	27	104
3203	27	104
3204	26	104
3205	25	104
3206	25	104
3207	25	104
3208	27	104
3209	31	104
3210	30	104
3211	25	104
3212	24	104
3213	24	104
3214	25	104
3215	26	104
3216	25	104
3217	25	104
3218	25	104
3219	26	104
3220	27	104
3221	30	104
3222	28	104
3223	24	104
3224	22	104
3225	24	104
3226	25	104
3227	26	104
3228	26	104
3229	25	104
3230	25	104
3231	26	104
3232	26	104
3233	27	104
3234	25	104
3235	21	104
3236	20	104
3237	24	104
3238	25	104
3239	27	104
3240	26	104
3241	26	104
3242	27	104
3243	27	104
3244	27	104
3245	27	104
3246	25	104
3247	22	104
3248	21	104
3249	26	104
3250	28	104
3251	28	104
3252	26	104
3253	25	104
3254	26	104
3255	26	104
3256	26	104
3257	25	104
3258	23	104
3259	22	104
3260	21	104
3261	26	104
3262	29	104
3263	28	104
3264	25	104
3265	24	104
3266	25	104
3267	25	104
3268	25	104
3269	25	104
3270	25	104
3271	24	104
3272	25	104
3273	29	104
3274	31	104
3275	28	104
3276	26	104
3277	24	104
3278	25	104
3279	26	104
3280	26	104
3281	25	104
3282	25	104
3283	25	104
3284	27	104
3285	29	104
3286	31	104
3287	27	104
3288	23	104
3289	23	104
3290	25	104
3291	23	104
3292	25	104
3293	25	104
3294	25	104
3295	26	104
3296	27	104
3297	28	104
3298	29	104
3299	25	104
3300	21	104
3301	22	104
3302	25	104
3303	26	104
3304	26	104
3305	25	104
3306	25	104
3307	26	104
3308	26	104
3309	26	104
3310	24	104
3311	23	104
3312	19	104
3313	22	104
3314	26	104
3315	27	104
3316	26	104
3317	25	104
3318	25	104
3319	26	104
3320	26	104
3321	25	104
3322	25	104
3323	23	104
3324	20	104
3325	23	104
3326	27	104
3327	28	104
3328	27	104
3329	25	104
3330	25	104
3331	26	104
3332	26	104
3333	26	104
3334	25	104
3335	24	104
3336	23	104
3337	25	104
3338	30	104
3339	30	104
3340	27	104
3341	25	104
3342	24	104
3343	25	105
3344	26	104
3345	27	104
3346	26	104
3347	25	104
3348	26	104
3349	27	104
3350	31	104
3351	30	104
3352	26	104
3353	24	104
3354	24	104
3355	25	104
3356	26	104
3357	25	104
3358	25	104
3359	25	104
3360	25	104
3361	27	104
3362	29	104
3363	28	104
3364	24	104
3365	22	104
3366	24	104
3367	26	104
3368	26	104
3369	26	104
3370	25	104
3371	26	104
3372	26	104
3373	26	104
3374	27	104
3375	26	104
3376	22	104
3377	21	104
3378	24	104
3379	27	104
3380	29	104
3381	30	104
3382	36	104
3383	125	104
3384	255	104
3385	255	104
3386	255	105
3387	229	104
3388	153	104
3389	121	104
3390	93	104
3391	72	104
3392	60	104
3393	51	104
3394	45	104
3395	41	104
3396	38	104
3397	36	104
3398	35	104
3399	34	104
3400	30	104
3401	28	104
3402	31	104
3403	33	104
3404	31	104
3405	29	104
3406	28	104
3407	29	104
3408	29	104
3409	28	104
3410	27	104
3411	27	104
3412	26	104
3413	26	104
3414	29	104
3415	33	104
3416	30	104
3417	27	104
3418	26	104
3419	26	104
3420	27	104
3421	27	104
3422	27	104
3423	27	104
3424	27	104
3425	28	104
3426	32	104
3427	36	104
3428	35	104
3429	38	104
3430	56	104
3431	130	104
3432	123	104
3433	125	104
3434	142	104
3435	139	104
3436	128	104
3437	120	104
3438	109	104
3439	98	104
3440	85	104
3441	70	104
3442	60	104
3443	55	104
3444	51	104
3445	47	104
3446	44	104
3447	41	104
3448	39	104
3449	38	104
3450	37	104
3451	36	104
3452	33	104
3453	26	104
3454	27	104
3455	29	104
3456	31	104
3457	31	104
3458	30	104
3459	30	104
3460	30	104
3461	30	104
3462	29	104
3463	29	104
3464	27	104
3465	23	104
3466	25	104
3467	29	104
3468	31	104
3469	31	104
3470	29	104
3471	29	104
3472	30	104
3473	30	104
3474	31	104
3475	33	104
3476	34	104
3477	37	104
3478	48	104
3479	87	104
3480	85	104
3481	98	104
3482	99	104
3483	103	104
3484	103	104
3485	101	104
3486	96	104
3487	89	104
3488	81	104
3489	72	104
3490	66	104
3491	63	104
3492	59	104
3493	52	104
3494	46	104
3495	43	104
3496	42	104
3497	41	104
3498	39	104
3499	37	104
3500	35	104
3501	35	104
3502	35	104
3503	38	104
3504	38	104
3505	32	104
3506	26	104
3507	29	104
3508	31	104
3509	32	104
3510	32	104
3511	32	104
3512	32	104
3513	32	104
3514	33	104
3515	35	104
3516	35	104
3517	33	104
3518	31	104
3519	36	104
3520	43	104
3521	52	104
3522	72	104
3523	75	104
3524	84	104
3525	90	104
3526	97	104
3527	103	104
3528	104	104
3529	101	104
3530	96	104
3531	93	104
3532	89	104
3533	83	104
3534	76	104
3535	69	104
3536	63	104
3537	57	104
3538	53	104
3539	49	104
3540	46	104
3541	41	104
3542	37	104
3543	39	104
3544	41	104
3545	40	104
3546	38	104
3547	35	104
3548	35	104
3549	35	104
3550	34	104
3551	34	104
3552	32	104
3553	31	104
3554	30	104
3555	34	104
3556	37	104
3557	36	104
3558	34	104
3559	33	104
3560	34	104
3561	37	104
3562	39	104
3563	42	104
3564	46	104
3565	58	104
3566	75	104
3567	79	104
3568	93	104
3569	100	104
3570	102	104
3571	105	104
3572	105	104
3573	105	104
3574	101	104
3575	94	104
3576	87	104
3577	79	104
3578	72	104
3579	66	104
3580	64	104
3581	58	104
3582	49	104
3583	45	104
3584	43	104
3585	43	104
3586	42	104
3587	39	104
3588	38	104
3589	37	104
3590	36	104
3591	36	104
3592	36	104
3593	34	104
3594	29	104
3595	28	104
3596	31	104
3597	33	104
3598	33	104
3599	32	104
3600	31	104
3601	31	104
3602	31	104
3603	32	104
3604	32	104
3605	31	104
3606	28	104
3607	29	104
3608	35	104
3609	39	104
3610	42	104
3611	45	104
3612	53	104
3613	69	104
3614	73	104
3615	78	104
3616	82	104
3617	85	104
3618	83	104
3619	83	104
3620	86	104
3621	86	104
3622	82	104
3623	77	104
3624	72	104
3625	67	104
3626	63	104
3627	59	104
3628	55	104
3629	52	104
3630	48	104
3631	46	104
3632	48	104
3633	49	104
3634	45	104
3635	41	104
3636	40	104
3637	39	104
3638	39	104
3639	39	104
3640	38	104
3641	38	104
3642	38	104
3643	39	104
3644	43	104
3645	45	104
3646	43	104
3647	41	104
3648	43	104
3649	47	104
3650	54	104
3651	59	104
3652	63	104
3653	67	104
3654	69	104
3655	72	104
3656	75	104
3657	78	104
3658	75	104
3659	70	104
3660	68	104
3661	67	104
3662	65	104
3663	62	104
3664	58	104
3665	55	104
3666	52	104
3667	51	104
3668	47	104
3669	46	104
3670	41	104
3671	37	105
3672	37	104
3673	39	104
3674	39	104
3675	38	104
3676	36	104
3677	36	104
3678	36	104
3679	35	104
3680	35	104
3681	34	104
3682	32	104
3683	29	105
3684	32	104
3685	36	104
3686	37	104
3687	36	104
3688	34	104
3689	35	104
3690	37	104
3691	38	104
3692	40	104
3693	42	104
3694	45	104
3695	50	104
3696	61	104
3697	69	104
3698	75	104
3699	78	104
3700	80	104
3701	82	104
3702	85	104
3703	86	104
3704	86	104
3705	84	104
3706	81	104
3707	77	104
3708	73	104
3709	73	104
3710	70	104
3711	62	104
3712	56	104
3713	53	104
3714	50	104
3715	49	104
3716	46	104
3717	45	104
3718	43	104
3719	42	104
3720	42	104
3721	41	104
3722	43	104
3723	38	104
3724	35	104
3725	36	104
3726	38	104
3727	39	104
3728	38	104
3729	38	104
3730	39	104
3731	41	104
3732	44	104
3733	49	104
3734	53	104
3735	58	104
3736	62	104
3737	67	104
3738	73	104
3739	77	104
3740	79	104
3741	78	104
3742	76	104
3743	66	104
3744	54	104
3745	48	104
3746	44	104
3747	39	104
3748	36	104
3749	37	104
3750	39	104
3751	40	104
3752	38	104
3753	37	104
3754	37	104
3755	37	104
3756	37	104
3757	37	104
3758	36	104
3759	34	104
3760	33	104
3761	36	104
3762	41	104
3763	42	104
3764	42	104
3765	43	104
3766	46	104
3767	50	104
3768	55	104
3769	60	104
3770	62	104
3771	65	104
3772	67	104
3773	72	104
3774	77	104
3775	79	104
3776	74	104
3777	71	104
3778	67	104
3779	63	104
3780	59	104
3781	57	104
3782	54	104
3783	51	104
3784	50	104
3785	49	104
3786	51	104
3787	49	104
3788	44	104
3789	42	104
3790	41	104
3791	41	104
3792	39	104
3793	39	104
3794	39	104
3795	39	104
3796	39	104
3797	41	104
3798	42	104
3799	41	104
3800	38	104
3801	37	104
3802	39	104
3803	41	104
3804	42	104
3805	43	105
3806	44	104
3807	46	104
3808	48	104
3809	52	104
3810	56	104
3811	57	104
3812	56	104
3813	57	104
3814	61	104
3815	64	104
3816	66	104
3817	67	104
3818	67	104
3819	67	104
3820	67	104
3821	66	104
3822	65	104
3823	62	104
3824	58	104
3825	55	104
3826	56	104
3827	56	104
3828	55	104
3829	55	104
3830	51	104
3831	50	104
3832	48	104
3833	46	104
3834	45	104
3835	43	104
3836	41	104
3837	41	104
3838	43	104
3839	44	104
3840	43	104
3841	42	104
3842	41	104
3843	41	104
3844	41	104
3845	41	104
3846	42	104
3847	43	104
3848	43	104
3849	44	104
3850	47	104
3851	51	104
3852	52	104
3853	53	104
3854	55	104
3855	57	104
3856	60	104
3857	62	104
3858	65	104
3859	67	104
3860	68	104
3861	71	104
3862	73	104
3863	77	104
3864	75	104
3865	71	104
3866	70	104
3867	68	104
3868	67	104
3869	65	104
3870	62	104
3871	60	104
3872	57	104
3873	55	104
3874	55	104
3875	54	104
3876	50	104
3877	45	104
3878	43	104
3879	43	105
3880	43	104
3881	42	104
3882	43	104
3883	39	104
3884	38	104
3885	38	104
3886	38	104
3887	38	104
3888	35	104
3889	33	104
3890	33	104
3891	35	104
3892	37	104
3893	37	104
3894	38	104
3895	38	104
3896	39	104
3897	40	104
3898	42	104
3899	45	104
3900	45	104
3901	47	104
3902	51	104
3903	57	104
3904	61	104
3905	64	105
3906	66	104
3907	68	104
3908	69	104
3909	69	104
3910	69	104
3911	69	104
3912	66	104
3913	63	104
3914	61	105
3915	62	104
3916	61	104
3917	58	104
3918	55	104
3919	52	104
3920	51	104
3921	49	104
3922	48	104
3923	47	104
3924	46	104
3925	45	104
3926	45	104
3927	48	104
3928	48	104
3929	46	104
3930	45	104
3931	44	104
3932	44	104
3933	45	104
3934	45	104
3935	46	104
3936	43	104
3937	47	104
3938	50	104
3939	53	104
3940	56	104
3941	56	104
3942	55	104
3943	55	104
3944	57	104
3945	58	104
3946	58	104
3947	59	104
3948	60	104
3949	60	104
3950	60	104
3951	62	104
3952	62	104
3953	59	104
3954	56	104
3955	55	104
3956	55	104
3957	55	104
3958	54	104
3959	53	104
3960	52	104
3961	51	104
3962	50	104
3963	49	104
3964	48	104
3965	45	104
3966	42	104
3967	43	104
3968	44	104
3969	45	104
3970	45	104
3971	44	104
3972	45	104
3973	44	104
3974	44	104
3975	44	104
3976	44	104
3977	43	104
3978	41	104
3979	43	104
3980	47	104
3981	49	104
3982	49	104
3983	50	104
3984	51	104
3985	53	104
3986	53	104
3987	55	104
3988	55	104
3989	55	104
3990	54	104
3991	58	104
3992	61	104
3993	62	104
3994	61	104
3995	60	104
3996	59	104
3997	58	104
3998	57	104
3999	57	104
4000	56	104
4001	55	104
4002	54	104
4003	55	104
4004	56	104
4005	55	104
4006	53	104
4007	50	104
4008	48	104
4009	48	104
4010	49	104
4011	48	104
4012	48	104
4013	47	104
4014	47	104
4015	48	104
4016	50	104
4017	50	104
4018	47	104
4019	46	104
4020	46	104
4021	46	104
4022	47	104
4023	47	104
4024	48	104
4025	49	104
4026	49	104
4027	50	104
4028	53	104
4029	54	104
4030	51	104
4031	50	104
4032	51	104
4033	53	104
4034	55	104
4035	55	104
4036	55	104
4037	56	104
4038	56	104
4039	56	104
4040	56	104
4041	55	105
4042	53	104
4043	52	104
4044	55	104
4045	54	104
4046	54	104
4047	53	104
4048	52	104
4049	51	104
4050	50	104
4051	49	104
4052	49	104
4053	48	104
4054	46	104
4055	44	104
4056	46	104
4057	47	105
4058	48	104
4059	47	104
4060	47	104
4061	47	104
4062	46	104
4063	45	104
4064	46	104
4065	46	104
4066	45	104
4067	45	104
4068	47	104
4069	50	104
4070	50	104
4071	50	104
4072	49	104
4073	49	104
4074	50	104
4075	51	104
4076	52	104
4077	52	104
4078	53	104
4079	54	104
4080	55	104
4081	58	104
4082	58	105
4083	57	104
4084	57	104
4085	55	105
4086	55	104
4087	55	104
4088	55	104
4089	55	104
4090	55	104
4091	54	104
4092	55	104
4093	57	104
4094	56	104
4095	53	104
