
TIME STEP:
125 = 0.1ms

VOLTAGE STEP:
CH1:  32 = 50mV~
CH2:  32 = 5V
GND	48	128
N	CH1	CH2

0	35	104
1	37	104
2	41	104
3	50	104
4	58	104
5	61	104
6	63	104
7	66	104
8	72	104
9	76	104
10	79	105
11	81	104
12	81	104
13	81	104
14	79	104
15	79	104
16	78	104
17	71	104
18	63	104
19	57	104
20	55	104
21	53	104
22	50	104
23	46	104
24	44	104
25	42	104
26	40	104
27	40	104
28	40	104
29	35	104
30	31	104
31	31	104
32	33	104
33	35	104
34	35	104
35	32	104
36	35	104
37	36	104
38	37	104
39	38	104
40	41	104
41	41	104
42	41	104
43	47	104
44	54	104
45	59	104
46	62	104
47	64	104
48	68	104
49	72	104
50	75	104
51	76	104
52	76	104
53	74	104
54	70	104
55	71	104
56	73	104
57	71	104
58	65	104
59	59	104
60	57	104
61	55	104
62	52	104
63	48	104
64	47	104
65	44	104
66	41	104
67	43	104
68	45	104
69	43	104
70	38	104
71	36	104
72	36	104
73	37	104
74	37	104
75	37	104
76	37	104
77	38	104
78	39	104
79	43	104
80	47	104
81	47	104
82	46	104
83	47	104
84	51	104
85	56	104
86	59	104
87	61	104
88	64	104
89	68	104
90	69	104
91	71	104
92	74	104
93	71	104
94	67	104
95	65	104
96	67	104
97	67	104
98	64	104
99	61	104
100	58	105
101	56	104
102	53	104
103	50	104
104	48	104
105	44	104
106	39	104
107	39	104
108	42	104
109	43	104
110	41	104
111	39	104
112	39	104
113	39	104
114	39	104
115	38	104
116	39	104
117	38	104
118	36	104
119	41	104
120	46	104
121	48	104
122	48	104
123	48	104
124	50	104
125	54	104
126	56	105
127	57	104
128	59	104
129	61	104
130	61	104
131	65	104
132	69	104
133	68	104
134	65	104
135	62	104
136	61	104
137	60	104
138	59	104
139	56	104
140	55	104
141	53	104
142	49	104
143	52	104
144	54	104
145	51	104
146	45	104
147	44	104
148	44	104
149	45	104
150	44	104
151	43	104
152	43	104
153	44	105
154	45	104
155	45	104
156	49	104
157	48	104
158	44	104
159	45	104
160	48	104
161	53	104
162	54	104
163	54	104
164	56	104
165	58	104
166	60	104
167	60	104
168	62	104
169	61	104
170	57	104
171	59	104
172	63	104
173	64	104
174	62	104
175	60	104
176	59	104
177	58	104
178	57	104
179	55	104
180	53	104
181	50	104
182	46	104
183	47	104
184	50	104
185	50	104
186	49	104
187	45	104
188	45	104
189	45	104
190	46	104
191	45	104
192	45	104
193	45	104
194	45	104
195	50	104
196	54	104
197	54	104
198	53	104
199	51	104
200	53	105
201	56	104
202	58	104
203	60	104
204	62	105
205	63	104
206	65	104
207	67	104
208	72	104
209	71	104
210	66	104
211	64	104
212	63	104
213	64	104
214	63	104
215	60	104
216	58	104
217	57	104
218	55	104
219	54	104
220	55	104
221	52	104
222	46	104
223	44	104
224	44	104
225	46	104
226	46	104
227	45	104
228	45	104
229	46	104
230	46	104
231	47	104
232	49	104
233	50	104
234	47	104
235	49	104
236	55	104
237	60	104
238	63	104
239	64	104
240	65	104
241	68	104
242	68	104
243	68	104
244	67	104
245	65	104
246	60	104
247	58	104
248	58	104
249	59	104
250	56	104
251	52	104
252	50	104
253	49	104
254	48	104
255	46	104
256	44	104
257	43	104
258	41	104
259	42	104
260	46	104
261	46	104
262	43	104
263	41	104
264	42	104
265	43	104
266	44	104
267	43	104
268	44	104
269	47	104
270	48	104
271	50	104
272	55	104
273	57	104
274	54	104
275	53	104
276	55	104
277	59	104
278	59	104
279	60	104
280	59	104
281	60	104
282	61	104
283	60	104
284	62	104
285	61	104
286	55	104
287	51	104
288	51	104
289	51	104
290	50	104
291	48	104
292	47	104
293	46	104
294	45	104
295	44	104
296	43	104
297	43	104
298	37	104
299	36	104
300	39	104
301	42	104
302	43	104
303	43	104
304	42	104
305	43	104
306	44	104
307	45	104
308	46	104
309	47	104
310	46	104
311	46	104
312	52	104
313	57	104
314	59	104
315	58	104
316	59	104
317	61	104
318	61	104
319	62	104
320	61	104
321	59	104
322	53	104
323	49	104
324	50	104
325	50	104
326	46	104
327	42	104
328	40	104
329	41	104
330	42	104
331	42	104
332	42	104
333	43	104
334	44	104
335	46	104
336	52	104
337	55	104
338	55	104
339	54	104
340	56	104
341	60	104
342	64	104
343	66	104
344	67	104
345	69	104
346	72	104
347	73	104
348	75	104
349	77	104
350	71	104
351	67	104
352	65	104
353	64	104
354	63	104
355	58	104
356	56	104
357	52	104
358	49	104
359	48	104
360	47	104
361	45	104
362	39	104
363	35	104
364	36	104
365	38	104
366	38	104
367	36	104
368	35	104
369	35	104
370	35	104
371	36	104
372	35	104
373	35	104
374	33	104
375	32	104
376	37	104
377	42	104
378	44	104
379	45	104
380	46	104
381	50	104
382	53	104
383	57	104
384	59	104
385	62	104
386	63	104
387	64	104
388	69	104
389	74	104
390	73	104
391	72	104
392	69	104
393	69	104
394	69	104
395	66	104
396	63	104
397	61	104
398	59	104
399	57	104
400	59	104
401	59	104
402	55	104
403	51	105
404	49	104
405	48	104
406	47	104
407	47	104
408	45	104
409	45	104
410	46	104
411	46	104
412	48	104
413	49	104
414	45	104
415	42	104
416	43	104
417	45	104
418	47	104
419	47	104
420	47	104
421	49	104
422	50	104
423	52	104
424	54	104
425	55	104
426	53	104
427	50	104
428	53	104
429	57	104
430	59	104
431	58	104
432	57	104
433	57	104
434	58	104
435	57	104
436	56	104
437	55	104
438	51	104
439	48	104
440	49	104
441	53	104
442	53	104
443	51	104
444	49	104
445	49	104
446	49	104
447	49	104
448	48	104
449	49	104
450	47	104
451	46	104
452	49	104
453	55	104
454	56	104
455	56	104
456	56	104
457	59	104
458	62	104
459	64	104
460	66	104
461	67	104
462	72	104
463	70	104
464	73	104
465	78	104
466	79	104
467	76	104
468	73	104
469	72	104
470	71	104
471	68	104
472	65	104
473	61	104
474	59	104
475	56	104
476	55	104
477	56	104
478	53	104
479	46	104
480	42	104
481	42	104
482	42	104
483	41	104
484	38	104
485	38	104
486	38	104
487	38	104
488	38	104
489	40	104
490	39	104
491	34	104
492	34	104
493	38	104
494	42	104
495	43	104
496	43	104
497	45	104
498	49	104
499	52	104
500	54	104
501	57	104
502	58	104
503	56	104
504	58	104
505	64	104
506	67	104
507	68	104
508	67	104
509	67	104
510	67	104
511	66	104
512	65	104
513	62	104
514	59	104
515	54	104
516	53	104
517	56	104
518	57	104
519	54	104
520	50	104
521	48	104
522	47	104
523	47	104
524	46	104
525	44	104
526	43	104
527	41	104
528	41	104
529	47	104
530	48	104
531	45	104
532	43	104
533	43	104
534	45	104
535	46	104
536	47	104
537	47	104
538	48	104
539	50	104
540	52	104
541	57	104
542	60	104
543	57	104
544	55	104
545	56	104
546	59	104
547	60	104
548	60	104
549	59	104
550	60	104
551	61	104
552	61	104
553	63	104
554	63	104
555	57	104
556	53	104
557	53	104
558	54	104
559	54	104
560	52	104
561	50	104
562	49	104
563	49	104
564	50	104
565	50	104
566	49	104
567	45	104
568	42	104
569	46	104
570	49	104
571	51	104
572	50	104
573	51	104
574	54	104
575	56	104
576	58	104
577	58	104
578	60	104
579	58	104
580	57	104
581	62	104
582	66	104
583	66	104
584	64	104
585	62	104
586	62	104
587	63	104
588	61	104
589	58	104
590	56	104
591	53	104
592	49	104
593	52	104
594	54	104
595	51	104
596	46	104
597	43	104
598	44	104
599	43	104
600	42	104
601	40	104
602	39	104
603	39	104
604	38	104
605	42	104
606	45	104
607	43	104
608	40	104
609	40	104
610	42	104
611	45	104
612	46	104
613	47	104
614	48	104
615	52	104
616	55	104
617	59	104
618	64	105
619	64	104
620	61	104
621	62	104
622	66	104
623	69	104
624	69	104
625	68	104
626	67	104
627	67	104
628	66	104
629	66	104
630	66	104
631	61	104
632	54	104
633	52	104
634	53	104
635	53	104
636	51	104
637	48	104
638	47	104
639	46	104
640	45	104
641	44	104
642	43	104
643	40	104
644	36	104
645	37	104
646	42	104
647	44	104
648	43	104
649	42	104
650	43	104
651	46	104
652	47	104
653	48	104
654	49	104
655	49	104
656	49	104
657	53	104
658	59	104
659	63	104
660	63	104
661	62	104
662	64	104
663	67	104
664	67	104
665	67	104
666	67	104
667	66	104
668	64	104
669	65	104
670	68	104
671	68	104
672	63	104
673	58	104
674	57	104
675	57	104
676	55	104
677	53	104
678	52	104
679	50	104
680	49	104
681	50	104
682	54	104
683	54	105
684	48	104
685	46	104
686	48	104
687	52	104
688	53	104
689	54	104
690	56	104
691	59	104
692	63	104
693	67	104
694	75	104
695	79	104
696	78	104
697	78	104
698	84	104
699	88	104
700	89	104
701	86	104
702	83	104
703	80	104
704	76	104
705	71	104
706	67	104
707	61	104
708	51	104
709	45	104
710	45	104
711	45	104
712	42	104
713	37	104
714	36	104
715	35	104
716	34	104
717	33	104
718	31	104
719	30	104
720	25	104
721	24	104
722	29	104
723	33	104
724	32	104
725	30	104
726	30	104
727	33	104
728	36	104
729	38	104
730	43	104
731	49	104
732	53	104
733	59	104
734	69	104
735	79	104
736	83	104
737	84	104
738	87	104
739	89	104
740	90	104
741	87	105
742	82	104
743	78	104
744	72	104
745	67	104
746	66	104
747	64	104
748	56	104
749	48	104
750	44	104
751	43	104
752	42	104
753	39	104
754	37	104
755	35	104
756	35	104
757	35	104
758	37	104
759	38	104
760	34	104
761	29	104
762	30	104
763	33	104
764	35	104
765	35	104
766	36	104
767	39	105
768	43	104
769	47	104
770	52	104
771	58	104
772	59	104
773	59	104
774	65	104
775	72	104
776	77	104
777	78	104
778	78	104
779	79	104
780	78	104
781	77	104
782	74	104
783	71	104
784	66	104
785	57	104
786	55	104
787	56	104
788	53	104
789	49	104
790	45	104
791	44	104
792	43	104
793	41	104
794	40	104
795	38	104
796	36	104
797	33	104
798	36	104
799	40	104
800	41	104
801	39	104
802	38	104
803	40	104
804	43	104
805	45	104
806	47	104
807	49	104
808	52	104
809	53	104
810	59	104
811	66	104
812	69	104
813	67	104
814	66	104
815	68	104
816	70	104
817	70	104
818	68	104
819	68	104
820	66	104
821	64	104
822	63	104
823	65	104
824	62	104
825	55	104
826	51	104
827	50	104
828	51	104
829	49	104
830	46	104
831	45	104
832	44	104
833	44	104
834	44	104
835	46	104
836	44	104
837	35	104
838	35	104
839	37	104
840	38	104
841	38	104
842	35	104
843	33	104
844	33	104
845	32	104
846	32	104
847	32	104
848	30	104
849	24	104
850	22	104
851	25	104
852	26	104
853	25	104
854	22	104
855	21	104
856	21	104
857	21	104
858	20	104
859	19	104
860	17	104
861	13	104
862	13	104
863	19	104
864	21	104
865	19	104
866	16	104
867	16	104
868	17	104
869	17	104
870	17	104
871	16	104
872	16	104
873	13	104
874	15	104
875	20	104
876	22	104
877	18	104
878	15	104
879	15	104
880	16	104
881	16	104
882	16	104
883	15	104
884	15	104
885	15	104
886	16	104
887	21	104
888	22	104
889	17	104
890	13	104
891	15	104
892	18	104
893	18	104
894	16	104
895	16	104
896	16	104
897	16	104
898	16	104
899	20	104
900	20	104
901	14	104
902	10	104
903	13	104
904	17	104
905	18	104
906	16	104
907	16	104
908	17	104
909	17	104
910	18	104
911	19	104
912	19	104
913	14	104
914	10	104
915	14	104
916	18	104
917	19	104
918	16	104
919	15	104
920	16	104
921	16	104
922	16	104
923	16	104
924	16	104
925	11	104
926	9	104
927	14	104
928	18	104
929	18	104
930	15	104
931	14	104
932	16	104
933	17	104
934	16	104
935	16	104
936	16	104
937	13	104
938	12	104
939	17	104
940	22	104
941	20	104
942	16	104
943	15	104
944	15	104
945	15	104
946	14	104
947	14	104
948	15	104
949	15	104
950	14	104
951	19	104
952	23	104
953	20	104
954	15	104
955	14	104
956	16	104
957	17	104
958	16	104
959	15	104
960	16	104
961	16	104
962	16	104
963	19	104
964	22	104
965	18	104
966	13	104
967	13	104
968	15	104
969	17	104
970	16	104
971	15	104
972	16	104
973	16	104
974	16	104
975	17	104
976	19	104
977	16	104
978	11	104
979	11	104
980	16	104
981	18	104
982	17	104
983	15	104
984	16	104
985	16	104
986	16	104
987	16	104
988	17	104
989	14	104
990	9	104
991	11	104
992	17	104
993	18	104
994	17	104
995	15	104
996	15	104
997	17	105
998	17	104
999	18	104
1000	17	104
1001	16	104
1002	11	104
1003	13	104
1004	19	104
1005	20	104
1006	17	104
1007	14	104
1008	15	104
1009	17	104
1010	16	104
1011	16	104
1012	15	104
1013	15	104
1014	13	104
1015	15	104
1016	21	104
1017	22	104
1018	17	104
1019	15	104
1020	17	104
1021	22	105
1022	36	104
1023	255	104
1024	255	104
1025	255	105
1026	255	105
1027	222	105
1028	145	104
1029	98	104
1030	73	104
1031	49	104
1032	40	104
1033	36	104
1034	32	104
1035	28	104
1036	26	104
1037	24	104
1038	23	104
1039	23	104
1040	25	104
1041	24	104
1042	18	104
1043	15	104
1044	17	104
1045	20	104
1046	20	104
1047	18	104
1048	18	104
1049	18	104
1050	18	104
1051	19	104
1052	17	104
1053	17	104
1054	11	104
1055	9	104
1056	15	104
1057	19	104
1058	19	104
1059	16	104
1060	17	104
1061	18	104
1062	19	104
1063	20	104
1064	22	104
1065	27	104
1066	44	104
1067	143	104
1068	152	104
1069	140	104
1070	152	104
1071	150	104
1072	130	104
1073	111	104
1074	99	104
1075	84	104
1076	72	104
1077	62	104
1078	52	104
1079	44	104
1080	44	104
1081	44	104
1082	39	104
1083	34	104
1084	31	104
1085	31	104
1086	30	104
1087	29	104
1088	27	104
1089	27	104
1090	26	104
1091	25	104
1092	29	104
1093	32	104
1094	29	104
1095	24	104
1096	24	104
1097	27	104
1098	29	104
1099	30	104
1100	32	104
1101	37	104
1102	45	104
1103	57	104
1104	65	104
1105	76	104
1106	82	104
1107	84	104
1108	90	104
1109	97	104
1110	100	104
1111	99	104
1112	95	104
1113	91	104
1114	86	104
1115	79	104
1116	73	104
1117	69	104
1118	59	104
1119	49	104
1120	46	104
1121	45	104
1122	43	104
1123	39	104
1124	36	104
1125	35	104
1126	34	104
1127	32	104
1128	31	104
1129	31	104
1130	27	104
1131	23	104
1132	25	104
1133	30	104
1134	31	104
1135	29	104
1136	28	104
1137	29	104
1138	31	104
1139	32	104
1140	35	104
1141	37	104
1142	41	104
1143	44	104
1144	52	104
1145	63	104
1146	69	104
1147	73	104
1148	76	104
1149	81	104
1150	85	104
1151	87	104
1152	86	104
1153	85	104
1154	81	104
1155	75	104
1156	72	104
1157	72	104
1158	68	104
1159	59	104
1160	53	104
1161	49	104
1162	47	104
1163	44	104
1164	41	104
1165	39	104
1166	37	104
1167	35	104
1168	36	104
1169	39	104
1170	38	104
1171	31	104
1172	29	104
1173	31	104
1174	32	104
1175	32	104
1176	31	104
1177	32	104
1178	34	104
1179	35	104
1180	38	104
1181	44	104
1182	48	104
1183	47	104
1184	49	104
1185	57	104
1186	64	104
1187	69	104
1188	71	104
1189	75	104
1190	78	104
1191	80	104
1192	80	104
1193	80	104
1194	78	104
1195	70	104
1196	66	104
1197	67	104
1198	65	104
1199	61	104
1200	55	104
1201	52	104
1202	49	104
1203	46	104
1204	44	104
1205	42	104
1206	39	104
1207	33	104
1208	33	104
1209	38	104
1210	39	104
1211	37	104
1212	31	104
1213	33	104
1214	34	104
1215	34	104
1216	35	104
1217	36	104
1218	37	104
1219	36	104
1220	39	104
1221	47	104
1222	52	104
1223	52	104
1224	53	104
1225	55	104
1226	61	104
1227	65	104
1228	68	104
1229	71	104
1230	73	104
1231	73	104
1232	74	104
1233	78	104
1234	78	104
1235	73	104
1236	67	104
1237	64	104
1238	64	104
1239	61	104
1240	57	104
1241	54	104
1242	51	104
1243	49	104
1244	47	104
1245	48	104
1246	48	104
1247	41	104
1248	36	104
1249	38	104
1250	40	104
1251	40	104
1252	38	104
1253	37	104
1254	38	104
1255	39	104
1256	40	104
1257	42	104
1258	45	104
1259	43	104
1260	43	104
1261	49	104
1262	56	104
1263	61	104
1264	64	104
1265	67	104
1266	73	104
1267	78	104
1268	80	104
1269	81	104
1270	80	104
1271	74	104
1272	69	104
1273	69	104
1274	69	104
1275	63	104
1276	57	104
1277	53	104
1278	50	104
1279	48	104
1280	45	104
1281	42	104
1282	41	104
1283	37	104
1284	34	104
1285	39	104
1286	42	104
1287	40	104
1288	37	104
1289	36	104
1290	38	104
1291	41	104
1292	41	104
1293	42	104
1294	45	104
1295	47	104
1296	49	104
1297	55	104
1298	62	104
1299	62	104
1300	61	104
1301	64	104
1302	68	104
1303	72	104
1304	73	104
1305	73	104
1306	73	104
1307	73	104
1308	70	104
1309	70	104
1310	71	104
1311	65	104
1312	57	104
1313	55	104
1314	55	104
1315	54	104
1316	51	104
1317	49	104
1318	47	104
1319	47	104
1320	45	104
1321	44	104
1322	45	104
1323	43	104
1324	38	104
1325	40	104
1326	44	104
1327	47	104
1328	46	104
1329	47	104
1330	48	104
1331	50	104
1332	52	104
1333	53	104
1334	55	104
1335	55	104
1336	52	104
1337	56	104
1338	62	104
1339	62	104
1340	61	104
1341	59	104
1342	60	104
1343	61	104
1344	59	104
1345	57	104
1346	56	104
1347	53	104
1348	48	104
1349	49	104
1350	54	104
1351	52	104
1352	48	104
1353	45	104
1354	44	104
1355	45	104
1356	44	104
1357	42	104
1358	42	104
1359	42	104
1360	39	104
1361	41	104
1362	46	104
1363	46	104
1364	42	104
1365	40	104
1366	42	104
1367	44	104
1368	45	104
1369	45	104
1370	46	104
1371	48	104
1372	49	104
1373	51	104
1374	57	104
1375	58	104
1376	55	104
1377	53	104
1378	55	104
1379	58	104
1380	59	104
1381	57	104
1382	57	104
1383	58	104
1384	58	104
1385	57	104
1386	60	104
1387	58	104
1388	51	104
1389	49	104
1390	51	104
1391	52	104
1392	51	105
1393	50	104
1394	48	104
1395	48	105
1396	48	104
1397	47	104
1398	48	104
1399	47	104
1400	42	104
1401	43	104
1402	48	104
1403	51	104
1404	51	104
1405	51	104
1406	51	104
1407	54	104
1408	56	104
1409	56	104
1410	57	104
1411	58	104
1412	55	104
1413	54	104
1414	57	104
1415	58	104
1416	54	104
1417	50	104
1418	49	104
1419	50	104
1420	50	104
1421	49	104
1422	49	104
1423	49	104
1424	48	104
1425	48	104
1426	55	104
1427	55	104
1428	51	104
1429	48	104
1430	49	104
1431	53	104
1432	53	104
1433	54	104
1434	55	104
1435	57	104
1436	57	104
1437	58	104
1438	63	104
1439	65	104
1440	61	104
1441	58	104
1442	58	104
1443	59	104
1444	59	104
1445	57	104
1446	55	104
1447	55	104
1448	54	104
1449	53	104
1450	54	104
1451	54	104
1452	48	104
1453	43	104
1454	45	104
1455	46	104
1456	46	104
1457	45	104
1458	43	104
1459	43	104
1460	44	104
1461	43	104
1462	45	104
1463	46	104
1464	41	104
1465	39	104
1466	44	104
1467	49	104
1468	50	104
1469	50	104
1470	51	104
1471	53	104
1472	55	104
1473	57	104
1474	58	104
1475	60	104
1476	58	104
1477	57	104
1478	63	104
1479	67	104
1480	68	104
1481	65	104
1482	65	104
1483	65	104
1484	65	104
1485	63	104
1486	61	104
1487	59	104
1488	55	104
1489	53	104
1490	54	104
1491	57	104
1492	53	104
1493	49	104
1494	46	104
1495	46	104
1496	47	104
1497	45	104
1498	43	104
1499	43	104
1500	42	104
1501	42	104
1502	45	104
1503	48	104
1504	45	104
1505	41	104
1506	41	104
1507	44	104
1508	46	104
1509	46	104
1510	46	104
1511	48	104
1512	50	104
1513	51	104
1514	55	104
1515	59	104
1516	57	104
1517	54	104
1518	56	104
1519	59	104
1520	62	104
1521	61	104
1522	61	104
1523	62	104
1524	63	104
1525	62	104
1526	62	104
1527	63	104
1528	60	104
1529	55	104
1530	56	104
1531	59	104
1532	60	104
1533	57	104
1534	57	104
1535	58	104
1536	58	104
1537	58	104
1538	58	104
1539	59	104
1540	57	104
1541	54	104
1542	57	104
1543	63	104
1544	64	104
1545	63	104
1546	61	104
1547	62	104
1548	63	104
1549	61	104
1550	59	104
1551	59	104
1552	56	104
1553	53	104
1554	54	104
1555	57	104
1556	55	104
1557	51	104
1558	47	104
1559	46	104
1560	47	104
1561	45	104
1562	42	104
1563	41	104
1564	41	104
1565	39	104
1566	41	104
1567	45	104
1568	43	104
1569	38	104
1570	37	104
1571	38	104
1572	39	104
1573	40	104
1574	39	104
1575	41	104
1576	42	104
1577	44	104
1578	47	104
1579	53	104
1580	54	104
1581	50	104
1582	52	104
1583	56	104
1584	60	104
1585	62	104
1586	63	104
1587	64	104
1588	66	104
1589	68	104
1590	70	104
1591	73	104
1592	72	104
1593	67	104
1594	66	104
1595	68	104
1596	69	104
1597	68	104
1598	64	104
1599	63	104
1600	62	104
1601	59	104
1602	57	104
1603	56	104
1604	53	104
1605	47	104
1606	45	104
1607	48	104
1608	48	104
1609	46	104
1610	43	104
1611	42	104
1612	43	104
1613	42	104
1614	40	104
1615	40	104
1616	39	104
1617	35	104
1618	37	104
1619	43	104
1620	44	104
1621	42	104
1622	41	104
1623	42	104
1624	45	104
1625	46	104
1626	46	104
1627	48	104
1628	50	104
1629	50	104
1630	53	104
1631	60	104
1632	62	104
1633	61	104
1634	60	104
1635	60	104
1636	63	104
1637	64	104
1638	63	104
1639	63	104
1640	65	104
1641	65	104
1642	64	104
1643	66	104
1644	65	104
1645	59	104
1646	55	104
1647	55	104
1648	55	104
1649	54	104
1650	51	104
1651	50	104
1652	50	104
1653	49	104
1654	48	104
1655	50	104
1656	49	105
1657	44	104
1658	41	104
1659	43	104
1660	46	104
1661	47	104
1662	46	104
1663	46	104
1664	47	104
1665	49	104
1666	49	104
1667	51	104
1668	52	104
1669	49	104
1670	48	104
1671	53	104
1672	57	104
1673	59	104
1674	58	104
1675	59	104
1676	60	104
1677	62	104
1678	61	104
1679	61	104
1680	61	104
1681	58	104
1682	56	104
1683	59	104
1684	62	104
1685	61	104
1686	58	104
1687	56	104
1688	56	104
1689	56	104
1690	54	104
1691	52	104
1692	51	104
1693	49	104
1694	44	104
1695	50	104
1696	53	104
1697	49	104
1698	48	104
1699	47	104
1700	48	104
1701	49	104
1702	49	104
1703	49	104
1704	50	104
1705	50	104
1706	51	104
1707	55	105
1708	58	104
1709	56	104
1710	53	104
1711	54	104
1712	56	104
1713	56	104
1714	56	104
1715	55	104
1716	56	104
1717	57	105
1718	57	104
1719	59	104
1720	61	104
1721	57	104
1722	53	104
1723	54	104
1724	56	104
1725	56	104
1726	55	104
1727	54	104
1728	54	104
1729	54	104
1730	53	104
1731	54	104
1732	55	104
1733	52	104
1734	47	104
1735	50	105
1736	54	104
1737	56	104
1738	56	104
1739	56	104
1740	59	104
1741	61	104
1742	63	104
1743	65	104
1744	67	104
1745	67	104
1746	66	104
1747	71	104
1748	78	104
1749	80	104
1750	80	104
1751	77	104
1752	76	104
1753	75	104
1754	72	104
1755	68	104
1756	65	104
1757	61	104
1758	55	104
1759	54	104
1760	55	104
1761	53	104
1762	47	104
1763	43	104
1764	41	104
1765	41	104
1766	39	104
1767	37	104
1768	37	104
1769	36	104
1770	35	104
1771	37	104
1772	41	104
1773	39	104
1774	35	104
1775	34	105
1776	35	104
1777	38	104
1778	38	104
1779	39	104
1780	41	104
1781	44	105
1782	47	105
1783	51	104
1784	57	104
1785	59	104
1786	56	104
1787	58	104
1788	63	104
1789	65	104
1790	68	104
1791	67	104
1792	67	104
1793	68	104
1794	68	104
1795	66	104
1796	67	104
1797	63	104
1798	56	104
1799	53	104
1800	55	104
1801	53	104
1802	50	104
1803	46	104
1804	44	104
1805	45	104
1806	44	104
1807	43	104
1808	43	104
1809	41	104
1810	36	104
1811	37	104
1812	43	104
1813	45	104
1814	45	104
1815	45	104
1816	47	104
1817	51	104
1818	54	104
1819	56	104
1820	59	104
1821	60	104
1822	59	104
1823	63	104
1824	71	104
1825	73	104
1826	73	104
1827	73	104
1828	72	104
1829	73	104
1830	72	104
1831	69	104
1832	67	104
1833	64	104
1834	60	104
1835	58	104
1836	60	104
1837	58	104
1838	52	104
1839	47	104
1840	45	104
1841	45	104
1842	43	104
1843	41	104
1844	39	104
1845	39	104
1846	39	104
1847	39	104
1848	42	104
1849	43	104
1850	38	104
1851	36	104
1852	38	104
1853	40	104
1854	41	104
1855	43	104
1856	46	104
1857	48	104
1858	52	104
1859	54	104
1860	59	104
1861	62	104
1862	60	104
1863	60	104
1864	65	104
1865	69	104
1866	71	104
1867	71	104
1868	71	104
1869	71	104
1870	70	104
1871	68	104
1872	66	104
1873	63	104
1874	57	104
1875	53	104
1876	53	104
1877	53	104
1878	51	104
1879	47	104
1880	45	104
1881	44	104
1882	43	104
1883	41	104
1884	39	104
1885	38	104
1886	34	104
1887	33	104
1888	37	104
1889	40	104
1890	39	104
1891	38	104
1892	37	104
1893	40	104
1894	42	104
1895	43	104
1896	45	104
1897	47	104
1898	48	104
1899	49	104
1900	57	104
1901	63	104
1902	64	104
1903	65	104
1904	67	104
1905	70	104
1906	72	104
1907	73	104
1908	75	104
1909	73	104
1910	71	104
1911	70	104
1912	72	104
1913	73	104
1914	68	104
1915	63	104
1916	59	104
1917	57	104
1918	55	104
1919	50	104
1920	45	104
1921	43	104
1922	40	104
1923	38	104
1924	39	104
1925	40	104
1926	35	104
1927	31	104
1928	30	104
1929	32	104
1930	34	104
1931	33	104
1932	33	104
1933	34	105
1934	37	104
1935	39	104
1936	43	104
1937	50	104
1938	51	104
1939	52	104
1940	59	104
1941	68	104
1942	74	104
1943	79	104
1944	81	104
1945	85	104
1946	87	104
1947	87	104
1948	85	104
1949	81	104
1950	73	104
1951	63	104
1952	59	104
1953	58	104
1954	54	104
1955	49	104
1956	45	104
1957	43	104
1958	42	104
1959	40	104
1960	39	104
1961	37	104
1962	35	104
1963	34	104
1964	36	104
1965	41	104
1966	40	104
1967	39	104
1968	39	104
1969	41	104
1970	44	104
1971	46	104
1972	49	104
1973	52	104
1974	55	104
1975	57	104
1976	60	104
1977	65	104
1978	63	104
1979	58	104
1980	55	104
1981	54	104
1982	52	104
1983	50	104
1984	48	104
1985	48	104
1986	47	104
1987	48	105
1988	49	104
1989	52	104
1990	52	104
1991	48	104
1992	48	104
1993	50	104
1994	53	104
1995	55	104
1996	55	104
1997	57	104
1998	59	104
1999	61	104
2000	63	104
2001	66	104
2002	66	104
2003	62	104
2004	61	104
2005	63	104
2006	65	104
2007	64	104
2008	62	104
2009	61	104
2010	59	104
2011	58	104
2012	56	104
2013	55	104
2014	53	104
2015	48	104
2016	45	104
2017	47	104
2018	48	104
2019	47	104
2020	47	104
2021	45	104
2022	44	104
2023	41	104
2024	39	104
2025	37	104
2026	35	104
2027	30	104
2028	28	104
2029	31	104
2030	30	104
2031	26	104
2032	23	104
2033	23	104
2034	23	104
2035	21	104
2036	21	104
2037	19	104
2038	19	104
2039	17	104
2040	17	104
2041	22	104
2042	23	104
2043	19	104
2044	17	104
2045	16	104
2046	17	104
2047	17	104
2048	16	104
2049	16	104
2050	17	104
2051	16	104
2052	17	104
2053	21	104
2054	21	104
2055	17	104
2056	14	104
2057	15	104
2058	16	104
2059	16	104
2060	15	104
2061	15	104
2062	15	104
2063	16	104
2064	17	104
2065	19	104
2066	19	104
2067	15	104
2068	12	104
2069	15	104
2070	15	104
2071	17	104
2072	16	104
2073	16	104
2074	16	104
2075	17	104
2076	17	104
2077	17	104
2078	17	104
2079	12	104
2080	10	104
2081	13	104
2082	16	104
2083	17	104
2084	17	104
2085	17	104
2086	17	104
2087	17	104
2088	19	104
2089	17	104
2090	16	104
2091	13	104
2092	12	104
2093	16	104
2094	19	104
2095	18	104
2096	17	104
2097	16	104
2098	17	104
2099	17	104
2100	16	104
2101	16	104
2102	15	104
2103	14	104
2104	13	104
2105	16	104
2106	20	104
2107	18	104
2108	16	104
2109	15	104
2110	15	104
2111	16	104
2112	16	104
2113	16	104
2114	15	104
2115	15	104
2116	15	104
2117	18	104
2118	21	104
2119	19	104
2120	16	104
2121	15	104
2122	14	104
2123	15	104
2124	17	104
2125	16	104
2126	15	104
2127	16	104
2128	16	104
2129	18	104
2130	20	104
2131	18	104
2132	14	104
2133	14	104
2134	14	104
2135	16	104
2136	16	104
2137	16	104
2138	15	104
2139	15	104
2140	16	104
2141	17	104
2142	18	104
2143	17	104
2144	13	104
2145	13	104
2146	15	104
2147	16	104
2148	16	105
2149	16	104
2150	16	104
2151	16	104
2152	16	104
2153	16	104
2154	16	104
2155	14	104
2156	11	104
2157	12	104
2158	15	104
2159	17	104
2160	17	104
2161	16	104
2162	16	104
2163	16	104
2164	16	104
2165	16	104
2166	15	104
2167	14	104
2168	12	104
2169	13	104
2170	17	104
2171	18	104
2172	17	104
2173	16	104
2174	15	104
2175	16	104
2176	16	104
2177	14	104
2178	15	104
2179	15	104
2180	14	104
2181	15	104
2182	19	104
2183	20	104
2184	17	104
2185	16	104
2186	15	104
2187	15	104
2188	15	104
2189	15	104
2190	15	104
2191	16	104
2192	17	104
2193	17	104
2194	20	104
2195	21	104
2196	17	104
2197	15	104
2198	15	104
2199	15	104
2200	16	104
2201	16	104
2202	17	104
2203	18	104
2204	21	104
2205	35	104
2206	255	104
2207	255	104
2208	255	105
2209	255	105
2210	207	105
2211	137	105
2212	94	104
2213	76	104
2214	56	104
2215	45	104
2216	38	104
2217	34	104
2218	31	104
2219	29	104
2220	24	104
2221	20	104
2222	21	104
2223	22	104
2224	22	104
2225	21	104
2226	21	104
2227	20	104
2228	20	105
2229	20	104
2230	21	104
2231	20	104
2232	17	104
2233	14	104
2234	16	104
2235	19	104
2236	19	104
2237	19	104
2238	18	104
2239	18	104
2240	18	104
2241	18	104
2242	19	104
2243	19	104
2244	19	104
2245	19	104
2246	28	104
2247	53	104
2248	122	104
2249	139	105
2250	139	104
2251	159	104
2252	168	104
2253	159	104
2254	142	105
2255	122	104
2256	101	104
2257	81	104
2258	68	104
2259	60	104
2260	51	104
2261	42	104
2262	36	104
2263	33	104
2264	30	104
2265	29	104
2266	27	104
2267	26	104
2268	25	104
2269	25	104
2270	25	104
2271	27	104
2272	26	104
2273	21	104
2274	20	104
2275	20	104
2276	21	104
2277	21	104
2278	21	104
2279	22	104
2280	21	104
2281	23	104
2282	24	104
2283	25	104
2284	26	104
2285	27	104
2286	35	104
2287	73	104
2288	77	104
2289	99	104
2290	109	104
2291	119	104
2292	126	104
2293	125	104
2294	120	104
2295	110	104
2296	97	104
2297	81	104
2298	68	104
2299	61	104
2300	55	104
2301	49	104
2302	41	104
2303	37	104
2304	35	104
2305	32	104
2306	30	104
2307	29	104
2308	26	104
2309	23	104
2310	22	104
2311	25	104
2312	26	104
2313	25	104
2314	23	104
2315	22	104
2316	23	104
2317	22	104
2318	23	104
2319	23	104
2320	23	104
2321	23	104
2322	24	104
2323	30	104
2324	36	104
2325	40	104
2326	58	104
2327	71	104
2328	81	105
2329	92	104
2330	103	104
2331	110	104
2332	114	104
2333	113	104
2334	107	104
2335	101	104
2336	94	104
2337	84	104
2338	71	104
2339	61	104
2340	54	104
2341	48	104
2342	42	104
2343	39	104
2344	36	104
2345	35	104
2346	34	104
2347	34	104
2348	34	104
2349	30	104
2350	26	104
2351	26	104
2352	26	104
2353	27	104
2354	27	104
2355	27	105
2356	29	104
2357	30	104
2358	32	104
2359	35	104
2360	39	104
2361	43	104
2362	49	104
2363	55	104
2364	64	104
2365	72	104
2366	77	104
2367	80	104
2368	80	104
2369	79	104
2370	78	104
2371	76	104
2372	75	104
2373	71	104
2374	67	104
2375	65	104
2376	66	104
2377	64	104
2378	61	104
2379	58	104
2380	55	104
2381	52	104
2382	49	104
2383	47	104
2384	45	104
2385	42	104
2386	39	104
2387	39	104
2388	42	104
2389	41	104
2390	36	104
2391	37	104
2392	36	104
2393	35	104
2394	36	104
2395	37	104
2396	38	104
2397	38	104
2398	39	104
2399	42	104
2400	47	104
2401	49	104
2402	49	104
2403	50	104
2404	52	104
2405	55	104
2406	59	104
2407	62	104
2408	64	104
2409	66	104
2410	67	104
2411	70	104
2412	73	104
2413	72	104
2414	68	104
2415	66	104
2416	64	104
2417	62	104
2418	60	104
2419	58	104
2420	55	104
2421	53	104
2422	51	104
2423	49	104
2424	49	104
2425	47	104
2426	42	104
2427	39	104
2428	39	104
2429	39	104
2430	40	104
2431	39	104
2432	39	104
2433	38	104
2434	38	104
2435	39	104
2436	39	104
2437	39	104
2438	37	104
2439	38	104
2440	42	104
2441	46	104
2442	49	104
2443	51	104
2444	54	104
2445	57	104
2446	59	104
2447	62	104
2448	63	104
2449	64	104
2450	62	104
2451	62	104
2452	66	104
2453	68	104
2454	68	104
2455	66	104
2456	63	104
2457	61	104
2458	59	104
2459	56	104
2460	53	104
2461	50	104
2462	47	104
2463	45	104
2464	47	104
2465	48	104
2466	45	104
2467	43	104
2468	41	104
2469	40	104
2470	39	104
2471	39	104
2472	39	104
2473	39	104
2474	39	104
2475	39	104
2476	43	104
2477	46	104
2478	45	104
2479	44	104
2480	45	104
2481	47	104
2482	50	104
2483	52	104
2484	54	104
2485	57	104
2486	59	104
2487	61	104
2488	66	104
2489	69	104
2490	68	104
2491	66	104
2492	66	104
2493	66	104
2494	67	104
2495	66	104
2496	65	104
2497	62	104
2498	61	104
2499	58	104
2500	57	104
2501	57	104
2502	53	104
2503	48	104
2504	47	104
2505	47	104
2506	47	104
2507	47	104
2508	45	104
2509	44	104
2510	43	104
2511	42	104
2512	42	104
2513	43	104
2514	41	104
2515	39	104
2516	39	104
2517	43	104
2518	45	104
2519	45	104
2520	46	104
2521	46	104
2522	48	104
2523	50	104
2524	52	104
2525	53	104
2526	53	104
2527	53	104
2528	55	104
2529	60	104
2530	63	104
2531	62	104
2532	62	104
2533	62	104
2534	62	104
2535	61	104
2536	61	104
2537	60	104
2538	58	104
2539	56	104
2540	55	104
2541	57	104
2542	57	104
2543	54	104
2544	51	104
2545	49	104
2546	48	104
2547	47	104
2548	46	104
2549	46	104
2550	45	104
2551	45	104
2552	47	104
2553	50	104
2554	51	104
2555	47	104
2556	45	104
2557	45	104
2558	46	104
2559	48	104
2560	49	104
2561	50	104
2562	51	104
2563	53	104
2564	55	104
2565	58	104
2566	60	104
2567	57	104
2568	55	104
2569	57	104
2570	59	105
2571	61	104
2572	61	104
2573	61	104
2574	61	104
2575	61	104
2576	60	104
2577	60	104
2578	59	104
2579	55	104
2580	51	104
2581	52	104
2582	53	104
2583	53	104
2584	52	104
2585	51	104
2586	50	104
2587	49	104
2588	49	104
2589	48	104
2590	48	104
2591	46	104
2592	44	104
2593	47	104
2594	51	104
2595	52	104
2596	53	104
2597	53	104
2598	55	104
2599	56	104
2600	58	104
2601	59	104
2602	61	104
2603	61	104
2604	62	104
2605	65	104
2606	67	104
2607	67	104
2608	67	104
2609	67	104
2610	66	104
2611	67	104
2612	66	104
2613	64	104
2614	63	104
2615	61	104
2616	59	104
2617	59	104
2618	60	104
2619	58	104
2620	54	105
2621	52	104
2622	50	104
2623	50	104
2624	48	104
2625	47	104
2626	45	104
2627	45	104
2628	45	104
2629	46	104
2630	48	104
2631	47	104
2632	43	104
2633	43	104
2634	43	104
2635	45	104
2636	46	104
2637	47	104
2638	48	104
2639	48	104
2640	49	104
2641	52	104
2642	55	104
2643	55	104
2644	53	104
2645	53	104
2646	55	104
2647	58	104
2648	60	104
2649	60	104
2650	59	104
2651	60	104
2652	60	104
2653	60	104
2654	59	104
2655	57	104
2656	53	104
2657	51	104
2658	50	104
2659	53	104
2660	53	104
2661	52	104
2662	50	104
2663	49	104
2664	47	104
2665	47	104
2666	46	104
2667	44	104
2668	41	104
2669	41	104
2670	44	104
2671	46	105
2672	46	104
2673	45	104
2674	44	104
2675	44	104
2676	44	104
2677	45	104
2678	47	104
2679	47	104
2680	48	104
2681	49	104
2682	54	104
2683	57	104
2684	57	104
2685	58	104
2686	58	104
2687	59	104
2688	61	104
2689	62	104
2690	63	104
2691	62	104
2692	62	104
2693	62	104
2694	64	104
2695	65	104
2696	62	104
2697	59	104
2698	56	104
2699	55	104
2700	55	104
2701	54	104
2702	53	104
2703	51	104
2704	51	104
2705	50	104
2706	51	104
2707	52	104
2708	49	104
2709	46	104
2710	46	104
2711	49	104
2712	48	104
2713	47	104
2714	47	104
2715	48	104
2716	49	104
2717	50	104
2718	52	104
2719	53	104
2720	52	104
2721	50	104
2722	51	104
2723	54	104
2724	56	104
2725	57	104
2726	58	104
2727	59	104
2728	59	104
2729	61	104
2730	61	104
2731	61	104
2732	59	104
2733	57	104
2734	58	104
2735	60	104
2736	61	104
2737	61	104
2738	59	104
2739	59	104
2740	59	104
2741	58	104
2742	59	104
2743	57	104
2744	57	104
2745	55	104
2746	56	104
2747	61	104
2748	63	104
2749	63	104
2750	63	104
2751	63	104
2752	65	104
2753	65	104
2754	67	104
2755	67	104
2756	66	104
2757	65	104
2758	66	104
2759	67	104
2760	67	104
2761	63	104
2762	60	104
2763	57	104
2764	55	104
2765	52	104
2766	51	104
2767	49	104
2768	48	104
2769	46	104
2770	45	104
2771	46	104
2772	45	104
2773	41	104
2774	38	104
2775	37	104
2776	38	104
2777	38	104
2778	37	104
2779	38	104
2780	38	104
2781	38	104
2782	40	104
2783	42	104
2784	44	104
2785	43	104
2786	42	104
2787	46	104
2788	49	104
2789	52	104
2790	55	104
2791	57	104
2792	59	104
2793	62	104
2794	64	104
2795	66	104
2796	67	104
2797	65	104
2798	63	104
2799	64	104
2800	65	104
2801	65	104
2802	63	104
2803	61	104
2804	59	104
2805	57	104
2806	55	104
2807	53	104
2808	51	104
2809	46	104
2810	43	104
2811	45	104
2812	46	104
2813	45	104
2814	44	104
2815	43	104
2816	42	104
2817	43	104
2818	43	104
2819	43	104
2820	42	104
2821	41	104
2822	41	104
2823	45	104
2824	48	104
2825	50	104
2826	50	104
2827	51	104
2828	52	104
2829	55	104
2830	56	104
2831	57	104
2832	59	104
2833	59	104
2834	61	104
2835	63	104
2836	66	104
2837	66	104
2838	63	104
2839	61	104
2840	60	104
2841	59	104
2842	58	104
2843	56	104
2844	55	104
2845	54	104
2846	53	104
2847	53	104
2848	54	104
2849	52	104
2850	49	104
2851	47	104
2852	47	104
2853	47	104
2854	47	104
2855	47	104
2856	48	104
2857	48	104
2858	48	104
2859	50	104
2860	52	104
2861	52	104
2862	50	104
2863	49	104
2864	52	104
2865	54	104
2866	55	104
2867	56	104
2868	58	104
2869	58	104
2870	59	104
2871	59	104
2872	62	104
2873	59	104
2874	56	104
2875	55	104
2876	57	104
2877	58	104
2878	57	104
2879	56	104
2880	55	104
2881	54	104
2882	52	104
2883	51	105
2884	51	104
2885	49	104
2886	46	104
2887	45	104
2888	47	104
2889	48	104
2890	48	104
2891	48	104
2892	47	104
2893	46	104
2894	47	104
2895	47	104
2896	47	104
2897	47	104
2898	47	104
2899	47	104
2900	50	104
2901	54	104
2902	54	104
2903	53	104
2904	53	104
2905	54	104
2906	55	104
2907	55	104
2908	57	104
2909	57	104
2910	57	104
2911	58	104
2912	61	104
2913	62	104
2914	61	104
2915	59	104
2916	58	104
2917	57	104
2918	57	104
2919	56	104
2920	56	104
2921	55	104
2922	54	104
2923	54	104
2924	56	104
2925	55	104
2926	53	104
2927	53	104
2928	51	104
2929	51	104
2930	51	104
2931	51	104
2932	51	104
2933	52	104
2934	52	104
2935	53	104
2936	54	104
2937	55	104
2938	54	104
2939	52	104
2940	52	104
2941	53	104
2942	55	104
2943	56	104
2944	56	104
2945	55	104
2946	57	104
2947	57	104
2948	57	104
2949	56	104
2950	54	104
2951	51	104
2952	51	104
2953	52	104
2954	53	104
2955	53	104
2956	52	104
2957	51	104
2958	50	104
2959	49	104
2960	49	104
2961	48	104
2962	46	104
2963	44	104
2964	44	104
2965	47	104
2966	48	104
2967	48	104
2968	47	104
2969	47	104
2970	48	104
2971	48	104
2972	49	104
2973	49	104
2974	50	104
2975	50	104
2976	51	104
2977	55	104
2978	57	104
2979	59	104
2980	57	104
2981	57	104
2982	58	104
2983	59	104
2984	59	104
2985	60	104
2986	60	104
2987	60	104
2988	60	104
2989	63	104
2990	63	104
2991	61	104
2992	59	104
2993	57	104
2994	56	104
2995	57	104
2996	56	104
2997	55	104
2998	55	104
2999	54	104
3000	52	104
3001	54	104
3002	55	104
3003	53	104
3004	50	104
3005	50	104
3006	51	104
3007	51	104
3008	52	104
3009	52	104
3010	54	104
3011	54	104
3012	55	104
3013	56	104
3014	56	104
3015	54	104
3016	52	104
3017	51	104
3018	51	104
3019	51	104
3020	50	104
3021	49	104
3022	49	104
3023	48	104
3024	48	104
3025	48	104
3026	48	104
3027	47	104
3028	46	104
3029	48	104
3030	51	104
3031	53	104
3032	53	104
3033	55	104
3034	59	104
3035	60	104
3036	59	104
3037	59	104
3038	56	104
3039	53	104
3040	49	104
3041	48	104
3042	50	104
3043	49	104
3044	48	104
3045	47	104
3046	47	104
3047	47	104
3048	47	104
3049	47	104
3050	49	104
3051	51	104
3052	50	104
3053	55	104
3054	59	104
3055	61	104
3056	60	104
3057	59	104
3058	58	104
3059	57	104
3060	56	104
3061	55	104
3062	55	104
3063	55	104
3064	54	104
3065	55	104
3066	57	104
3067	57	104
3068	56	104
3069	55	104
3070	55	104
3071	55	104
3072	56	104
3073	56	104
3074	57	104
3075	57	104
3076	58	104
3077	59	104
3078	60	104
3079	60	104
3080	58	104
3081	56	104
3082	56	104
3083	56	104
3084	56	104
3085	55	104
3086	56	104
3087	53	104
3088	53	104
3089	51	104
3090	53	104
3091	52	104
3092	49	104
3093	47	104
3094	47	104
3095	48	104
3096	48	104
3097	48	104
3098	48	104
3099	48	104
3100	47	104
3101	48	104
3102	49	104
3103	48	104
3104	47	104
3105	46	104
3106	47	104
3107	48	104
3108	50	104
3109	51	104
3110	51	104
3111	52	104
3112	53	104
3113	53	104
3114	54	104
3115	54	104
3116	53	104
3117	53	104
3118	55	104
3119	57	104
3120	58	104
3121	58	104
3122	57	104
3123	57	104
3124	56	104
3125	55	104
3126	55	104
3127	55	104
3128	53	104
3129	53	104
3130	54	104
3131	56	104
3132	55	104
3133	53	104
3134	51	104
3135	50	104
3136	50	104
3137	49	104
3138	49	104
3139	48	104
3140	49	104
3141	51	104
3142	51	104
3143	51	104
3144	51	104
3145	49	104
3146	48	104
3147	48	104
3148	49	104
3149	49	104
3150	50	104
3151	51	104
3152	51	104
3153	52	104
3154	54	104
3155	54	104
3156	54	104
3157	53	104
3158	52	104
3159	52	104
3160	55	104
3161	56	104
3162	55	104
3163	57	104
3164	57	104
3165	56	104
3166	56	104
3167	56	104
3168	54	104
3169	51	104
3170	50	104
3171	50	104
3172	51	104
3173	51	104
3174	50	104
3175	49	104
3176	49	104
3177	48	104
3178	47	104
3179	47	104
3180	46	104
3181	44	104
3182	43	104
3183	46	104
3184	47	104
3185	48	104
3186	49	104
3187	49	104
3188	50	104
3189	51	104
3190	51	104
3191	51	104
3192	51	104
3193	51	104
3194	49	104
3195	53	104
3196	55	104
3197	56	104
3198	58	104
3199	58	104
3200	58	104
3201	57	104
3202	54	104
3203	52	104
3204	49	104
3205	46	104
3206	42	104
3207	41	104
3208	41	104
3209	37	104
3210	32	104
3211	28	104
3212	26	104
3213	23	104
3214	21	104
3215	21	104
3216	21	104
3217	20	104
3218	20	104
3219	21	104
3220	22	104
3221	20	104
3222	17	104
3223	17	104
3224	16	104
3225	17	104
3226	17	104
3227	16	104
3228	17	104
3229	17	104
3230	17	104
3231	18	104
3232	18	104
3233	16	104
3234	13	104
3235	13	104
3236	14	104
3237	15	104
3238	16	104
3239	16	104
3240	16	104
3241	16	104
3242	16	104
3243	17	104
3244	16	104
3245	14	104
3246	12	104
3247	14	104
3248	17	104
3249	17	104
3250	17	104
3251	16	104
3252	16	104
3253	16	104
3254	16	104
3255	16	104
3256	16	104
3257	14	104
3258	12	104
3259	13	104
3260	16	104
3261	17	104
3262	16	104
3263	15	104
3264	16	104
3265	16	104
3266	16	104
3267	17	104
3268	17	104
3269	17	104
3270	16	104
3271	17	104
3272	20	105
3273	21	104
3274	19	104
3275	18	104
3276	17	104
3277	17	104
3278	16	104
3279	15	104
3280	16	104
3281	16	104
3282	15	104
3283	16	104
3284	19	104
3285	20	104
3286	17	104
3287	16	104
3288	15	104
3289	15	104
3290	15	104
3291	15	104
3292	15	104
3293	16	104
3294	15	104
3295	16	104
3296	18	104
3297	19	104
3298	17	104
3299	14	104
3300	15	104
3301	12	104
3302	14	104
3303	14	104
3304	15	104
3305	16	104
3306	17	104
3307	17	104
3308	17	104
3309	17	104
3310	15	104
3311	13	104
3312	13	104
3313	14	104
3314	15	104
3315	17	104
3316	18	104
3317	17	104
3318	17	104
3319	17	104
3320	16	104
3321	15	104
3322	14	104
3323	11	104
3324	13	104
3325	15	104
3326	16	105
3327	17	104
3328	16	104
3329	17	104
3330	16	104
3331	16	104
3332	16	104
3333	16	104
3334	14	104
3335	13	104
3336	14	104
3337	17	104
3338	17	104
3339	17	104
3340	17	104
3341	17	105
3342	16	104
3343	16	104
3344	16	104
3345	16	104
3346	15	104
3347	14	104
3348	16	104
3349	19	104
3350	19	104
3351	18	104
3352	17	104
3353	16	104
3354	18	104
3355	18	104
3356	17	104
3357	16	104
3358	15	104
3359	15	104
3360	16	104
3361	19	104
3362	19	104
3363	17	104
3364	16	104
3365	15	104
3366	15	104
3367	15	104
3368	15	104
3369	14	104
3370	15	104
3371	15	104
3372	15	104
3373	18	104
3374	19	104
3375	17	104
3376	14	104
3377	15	104
3378	15	104
3379	16	104
3380	16	104
3381	18	104
3382	21	104
3383	33	104
3384	255	104
3385	255	104
3386	255	104
3387	255	105
3388	178	105
3389	99	104
3390	73	104
3391	55	104
3392	43	104
3393	36	104
3394	32	104
3395	29	104
3396	27	104
3397	25	104
3398	23	104
3399	20	104
3400	17	104
3401	18	104
3402	19	104
3403	20	104
3404	20	104
3405	20	104
3406	19	104
3407	16	104
3408	16	104
3409	18	104
3410	17	104
3411	15	104
3412	14	104
3413	17	104
3414	19	104
3415	20	104
3416	20	104
3417	19	104
3418	18	104
3419	19	104
3420	20	104
3421	22	104
3422	27	104
3423	45	104
3424	159	104
3425	151	104
3426	154	104
3427	177	104
3428	180	104
3429	156	104
3430	128	104
3431	105	104
3432	85	104
3433	67	104
3434	55	104
3435	46	104
3436	40	104
3437	36	104
3438	36	104
3439	34	104
3440	30	104
3441	27	104
3442	25	104
3443	24	104
3444	23	104
3445	23	104
3446	22	104
3447	22	104
3448	22	104
3449	23	104
3450	24	104
3451	24	104
3452	21	104
3453	20	104
3454	20	104
3455	21	104
3456	23	104
3457	24	104
3458	27	104
3459	31	104
3460	39	104
3461	68	104
3462	75	104
3463	83	104
3464	85	104
3465	88	104
3466	92	104
3467	95	104
3468	97	104
3469	97	104
3470	95	104
3471	90	104
3472	84	104
3473	77	104
3474	70	104
3475	63	104
3476	55	104
3477	49	104
3478	46	104
3479	44	104
3480	43	104
3481	41	104
3482	39	104
3483	37	104
3484	35	104
3485	34	104
3486	33	104
3487	32	104
3488	30	104
3489	29	104
3490	30	104
3491	33	104
3492	33	104
3493	33	104
3494	33	104
3495	34	104
3496	35	104
3497	37	104
3498	40	104
3499	44	104
3500	48	104
3501	51	104
3502	56	104
3503	64	104
3504	68	104
3505	71	104
3506	74	104
3507	76	104
3508	77	104
3509	77	104
3510	77	104
3511	75	104
3512	73	104
3513	70	104
3514	65	105
3515	65	104
3516	63	104
3517	56	104
3518	51	104
3519	49	104
3520	47	104
3521	44	104
3522	43	104
3523	42	104
3524	40	104
3525	39	104
3526	38	104
3527	39	104
3528	39	104
3529	35	104
3530	35	104
3531	34	104
3532	35	104
3533	36	104
3534	37	104
3535	38	104
3536	40	104
3537	42	104
3538	45	105
3539	48	104
3540	51	104
3541	53	104
3542	54	104
3543	59	104
3544	63	104
3545	67	104
3546	70	104
3547	73	104
3548	74	104
3549	74	104
3550	75	104
3551	74	104
3552	71	104
3553	68	104
3554	63	104
3555	61	104
3556	60	105
3557	58	104
3558	55	104
3559	52	104
3560	50	104
3561	47	104
3562	45	104
3563	43	104
3564	41	104
3565	38	104
3566	36	104
3567	38	104
3568	42	104
3569	39	104
3570	38	104
3571	38	104
3572	37	104
3573	37	104
3574	36	104
3575	37	104
3576	38	104
3577	39	104
3578	41	104
3579	45	105
3580	50	104
3581	53	104
3582	55	105
3583	56	104
3584	58	104
3585	61	104
3586	63	104
3587	65	104
3588	67	104
3589	69	104
3590	69	104
3591	70	104
3592	72	104
3593	71	104
3594	67	104
3595	63	104
3596	61	104
3597	59	104
3598	56	104
3599	53	104
3600	51	104
3601	49	104
3602	47	104
3603	46	104
3604	46	104
3605	44	104
3606	41	104
3607	39	104
3608	38	104
3609	38	104
3610	39	104
3611	39	104
3612	39	104
3613	39	104
3614	40	104
3615	42	104
3616	44	104
3617	44	104
3618	44	104
3619	45	104
3620	48	104
3621	47	104
3622	53	104
3623	57	104
3624	58	104
3625	61	104
3626	63	104
3627	65	105
3628	66	104
3629	67	104
3630	65	104
3631	63	104
3632	63	104
3633	64	104
3634	63	104
3635	61	104
3636	59	104
3637	58	104
3638	55	104
3639	53	104
3640	50	104
3641	49	105
3642	46	104
3643	43	104
3644	44	104
3645	45	104
3646	45	104
3647	43	104
3648	42	104
3649	42	105
3650	41	104
3651	42	104
3652	43	104
3653	43	104
3654	44	104
3655	45	104
3656	48	104
3657	52	104
3658	54	104
3659	55	104
3660	56	104
3661	57	104
3662	60	104
3663	62	104
3664	64	104
3665	65	104
3666	67	104
3667	68	104
3668	69	104
3669	71	104
3670	70	104
3671	67	104
3672	64	104
3673	62	104
3674	61	104
3675	60	104
3676	56	104
3677	55	104
3678	54	104
3679	51	104
3680	49	104
3681	49	104
3682	47	104
3683	44	104
3684	42	104
3685	41	104
3686	42	104
3687	42	104
3688	43	104
3689	44	104
3690	43	104
3691	44	104
3692	45	104
3693	47	104
3694	49	104
3695	49	104
3696	50	104
3697	54	104
3698	59	104
3699	62	104
3700	66	104
3701	69	104
3702	72	104
3703	74	104
3704	75	104
3705	77	104
3706	76	104
3707	73	104
3708	71	104
3709	70	104
3710	69	104
3711	67	104
3712	64	104
3713	60	104
3714	57	104
3715	54	104
3716	50	104
3717	47	104
3718	45	104
3719	42	104
3720	39	104
3721	40	104
3722	41	104
3723	40	104
3724	38	104
3725	37	104
3726	37	104
3727	35	104
3728	32	104
3729	36	104
3730	36	104
3731	35	104
3732	36	104
3733	40	104
3734	44	104
3735	46	104
3736	47	104
3737	49	104
3738	51	104
3739	54	104
3740	56	104
3741	59	104
3742	62	104
3743	65	104
3744	67	104
3745	69	104
3746	72	104
3747	72	104
3748	69	104
3749	68	104
3750	66	104
3751	65	104
3752	64	104
3753	62	104
3754	61	104
3755	60	104
3756	59	104
3757	59	104
3758	59	104
3759	57	104
3760	53	104
3761	51	104
3762	50	104
3763	51	104
3764	50	104
3765	49	104
3766	48	104
3767	47	104
3768	46	104
3769	45	104
3770	45	104
3771	44	104
3772	40	104
3773	39	104
3774	40	104
3775	41	104
3776	42	104
3777	41	104
3778	42	104
3779	43	104
3780	43	104
3781	43	104
3782	45	104
3783	45	104
3784	45	104
3785	46	104
3786	48	104
3787	51	104
3788	54	104
3789	56	104
3790	57	104
3791	59	104
3792	61	104
3793	63	104
3794	64	104
3795	65	104
3796	65	104
3797	64	104
3798	66	104
3799	68	104
3800	67	104
3801	66	104
3802	64	104
3803	63	104
3804	62	104
3805	60	104
3806	58	104
3807	57	104
3808	55	104
3809	53	104
3810	53	104
3811	54	104
3812	52	104
3813	50	104
3814	48	104
3815	47	104
3816	46	104
3817	45	104
3818	45	104
3819	45	104
3820	45	104
3821	46	104
3822	48	104
3823	50	104
3824	49	104
3825	48	104
3826	48	104
3827	49	104
3828	51	104
3829	53	104
3830	54	104
3831	56	104
3832	57	104
3833	59	104
3834	60	104
3835	60	104
3836	63	104
3837	60	104
3838	59	104
3839	60	104
3840	61	104
3841	61	104
3842	61	104
3843	61	104
3844	60	104
3845	59	104
3846	58	104
3847	59	104
3848	57	104
3849	55	104
3850	54	104
3851	56	104
3852	58	104
3853	60	104
3854	61	104
3855	63	104
3856	65	104
3857	65	104
3858	66	104
3859	67	104
3860	67	104
3861	66	104
3862	65	104
3863	66	104
3864	67	104
3865	66	104
3866	64	104
3867	62	104
3868	59	104
3869	57	104
3870	54	104
3871	51	104
3872	49	104
3873	45	104
3874	43	104
3875	43	104
3876	44	104
3877	43	104
3878	41	104
3879	39	104
3880	38	104
3881	37	104
3882	36	104
3883	37	104
3884	37	104
3885	37	104
3886	38	104
3887	41	104
3888	44	104
3889	45	104
3890	47	104
3891	48	104
3892	51	104
3893	53	104
3894	54	104
3895	57	104
3896	60	104
3897	63	104
3898	65	104
3899	69	104
3900	72	104
3901	71	104
3902	69	104
3903	67	104
3904	65	104
3905	63	104
3906	60	104
3907	57	104
3908	55	104
3909	52	104
3910	50	104
3911	49	104
3912	47	104
3913	45	104
3914	41	104
3915	39	104
3916	37	104
3917	37	104
3918	37	104
3919	37	104
3920	36	104
3921	36	104
3922	36	104
3923	36	104
3924	37	104
3925	36	104
3926	35	104
3927	36	104
3928	39	104
3929	42	104
3930	46	104
3931	49	104
3932	51	104
3933	55	104
3934	58	104
3935	61	104
3936	64	104
3937	66	104
3938	66	104
3939	68	104
3940	71	104
3941	73	104
3942	72	104
3943	72	104
3944	69	104
3945	67	104
3946	65	104
3947	63	104
3948	60	104
3949	57	104
3950	53	104
3951	51	104
3952	51	104
3953	51	104
3954	50	104
3955	48	104
3956	46	104
3957	45	105
3958	45	104
3959	45	104
3960	45	104
3961	46	104
3962	46	104
3963	46	104
3964	49	104
3965	51	104
3966	52	104
3967	52	104
3968	53	104
3969	55	104
3970	57	104
3971	59	104
3972	61	104
3973	63	104
3974	65	104
3975	67	104
3976	69	104
3977	71	104
3978	71	104
3979	68	104
3980	66	104
3981	65	104
3982	64	104
3983	62	104
3984	60	104
3985	58	104
3986	56	104
3987	54	104
3988	53	104
3989	52	104
3990	49	104
3991	45	104
3992	43	104
3993	43	104
3994	43	104
3995	42	104
3996	42	104
3997	43	104
3998	43	104
3999	43	104
4000	42	104
4001	43	104
4002	42	104
4003	41	104
4004	42	104
4005	45	104
4006	47	104
4007	49	104
4008	51	104
4009	53	104
4010	55	104
4011	57	104
4012	57	104
4013	59	104
4014	58	104
4015	57	104
4016	58	104
4017	62	104
4018	63	104
4019	63	104
4020	62	104
4021	61	104
4022	60	104
4023	58	104
4024	55	104
4025	54	104
4026	52	104
4027	49	104
4028	48	104
4029	49	104
4030	49	104
4031	47	104
4032	46	104
4033	44	104
4034	43	104
4035	42	104
4036	41	104
4037	41	104
4038	41	104
4039	41	104
4040	42	104
4041	45	104
4042	46	104
4043	46	104
4044	46	104
4045	46	104
4046	47	104
4047	48	104
4048	49	104
4049	52	104
4050	54	104
4051	54	104
4052	56	104
4053	60	104
4054	63	104
4055	63	104
4056	62	104
4057	62	104
4058	62	104
4059	62	104
4060	62	104
4061	62	104
4062	61	104
4063	60	104
4064	58	104
4065	59	104
4066	58	104
4067	56	104
4068	53	104
4069	51	104
4070	50	104
4071	49	104
4072	49	104
4073	48	104
4074	48	104
4075	48	104
4076	47	104
4077	48	104
4078	48	104
4079	47	104
4080	45	104
4081	46	104
4082	48	104
4083	51	104
4084	52	104
4085	54	104
4086	55	104
4087	57	104
4088	57	104
4089	59	104
4090	61	104
4091	61	104
4092	61	104
4093	61	104
4094	64	104
4095	65	104
