
TIME STEP:
125 = 0.1ms

VOLTAGE STEP:
CH1:  32 = 50mV~
CH2:  32 = 5V
GND	48	128
N	CH1	CH2

0	59	104
1	66	104
2	73	104
3	74	104
4	73	104
5	73	104
6	75	104
7	77	104
8	76	104
9	73	104
10	70	104
11	68	104
12	64	104
13	64	104
14	63	104
15	57	104
16	49	104
17	46	104
18	46	104
19	46	104
20	43	104
21	40	104
22	39	104
23	39	104
24	39	104
25	39	104
26	40	104
27	36	104
28	31	104
29	32	104
30	37	104
31	39	104
32	39	104
33	40	104
34	42	104
35	45	104
36	48	104
37	51	104
38	54	104
39	55	104
40	54	104
41	59	104
42	67	104
43	71	104
44	71	104
45	71	104
46	72	104
47	72	104
48	71	104
49	69	104
50	65	104
51	62	104
52	55	104
53	54	104
54	57	104
55	55	104
56	50	104
57	45	104
58	44	105
59	43	104
60	41	104
61	39	104
62	38	104
63	37	104
64	35	104
65	37	104
66	42	104
67	42	104
68	38	104
69	35	104
70	36	104
71	38	104
72	39	104
73	39	104
74	41	104
75	44	104
76	47	104
77	51	104
78	58	104
79	61	104
80	58	104
81	60	104
82	64	104
83	68	104
84	71	104
85	71	104
86	72	104
87	71	104
88	72	104
89	72	104
90	72	104
91	70	104
92	62	104
93	57	104
94	57	104
95	57	104
96	54	104
97	50	104
98	47	104
99	46	104
100	45	104
101	43	104
102	43	104
103	42	104
104	36	104
105	33	104
106	38	104
107	41	104
108	40	104
109	39	104
110	39	104
111	41	104
112	43	104
113	45	104
114	47	104
115	48	104
116	48	104
117	49	104
118	59	104
119	62	104
120	64	104
121	65	104
122	69	104
123	73	104
124	75	104
125	77	104
126	77	104
127	77	104
128	75	104
129	73	104
130	76	104
131	77	104
132	73	104
133	67	104
134	64	104
135	64	104
136	62	104
137	59	104
138	55	104
139	52	104
140	51	104
141	49	104
142	52	104
143	53	104
144	48	104
145	43	104
146	42	104
147	43	104
148	44	104
149	42	104
150	42	104
151	42	104
152	42	104
153	43	104
154	46	104
155	49	104
156	47	104
157	43	104
158	44	104
159	47	104
160	50	104
161	50	104
162	51	104
163	53	104
164	55	104
165	56	104
166	58	104
167	61	104
168	59	104
169	55	104
170	56	104
171	60	104
172	62	104
173	61	104
174	60	104
175	59	104
176	58	104
177	57	104
178	56	104
179	55	104
180	50	104
181	46	104
182	47	104
183	50	104
184	50	104
185	48	104
186	45	104
187	45	104
188	46	104
189	45	104
190	44	104
191	44	104
192	43	104
193	41	104
194	44	104
195	49	104
196	51	104
197	50	104
198	50	104
199	52	104
200	55	104
201	57	104
202	59	104
203	62	104
204	64	104
205	65	104
206	70	104
207	78	104
208	80	104
209	78	104
210	77	104
211	77	104
212	79	104
213	76	104
214	73	104
215	69	104
216	63	104
217	53	104
218	45	104
219	44	104
220	41	104
221	32	104
222	29	104
223	30	104
224	32	104
225	32	104
226	31	104
227	29	104
228	29	104
229	29	104
230	31	104
231	34	104
232	32	104
233	27	104
234	28	104
235	33	104
236	38	104
237	41	104
238	44	104
239	48	104
240	52	104
241	55	104
242	59	104
243	62	104
244	63	104
245	60	104
246	59	104
247	64	104
248	66	104
249	65	104
250	62	104
251	61	104
252	60	104
253	59	104
254	58	104
255	57	104
256	55	104
257	51	104
258	51	104
259	56	104
260	60	104
261	59	104
262	57	104
263	58	104
264	61	104
265	63	104
266	64	104
267	65	104
268	66	104
269	66	104
270	67	104
271	73	104
272	76	104
273	75	104
274	71	104
275	69	104
276	69	104
277	67	104
278	64	104
279	61	104
280	56	104
281	52	104
282	50	104
283	52	104
284	51	104
285	45	104
286	40	104
287	38	104
288	39	104
289	39	104
290	37	104
291	36	104
292	36	104
293	37	104
294	38	104
295	41	104
296	43	104
297	41	104
298	39	104
299	43	104
300	50	104
301	55	104
302	58	104
303	63	104
304	69	104
305	75	104
306	81	104
307	87	104
308	91	104
309	89	104
310	86	104
311	86	104
312	85	104
313	81	104
314	74	104
315	67	104
316	62	104
317	57	104
318	52	104
319	48	104
320	44	104
321	37	104
322	32	104
323	34	104
324	37	104
325	36	104
326	32	104
327	30	104
328	30	104
329	30	104
330	30	104
331	29	104
332	28	104
333	27	104
334	26	104
335	31	104
336	35	104
337	34	104
338	31	104
339	31	104
340	35	104
341	39	104
342	43	104
343	47	104
344	52	104
345	56	104
346	59	104
347	66	104
348	73	104
349	75	104
350	73	104
351	73	104
352	75	104
353	77	104
354	76	104
355	73	104
356	72	104
357	69	104
358	67	104
359	66	104
360	67	104
361	61	104
362	53	104
363	50	104
364	49	104
365	49	104
366	46	104
367	43	104
368	42	104
369	41	104
370	39	104
371	39	104
372	41	104
373	39	104
374	33	104
375	33	104
376	36	104
377	39	104
378	39	104
379	39	104
380	40	104
381	43	104
382	45	104
383	47	104
384	51	104
385	52	104
386	51	104
387	55	104
388	63	104
389	68	104
390	70	104
391	71	104
392	73	104
393	75	104
394	75	104
395	74	104
396	74	104
397	71	104
398	65	104
399	64	104
400	67	104
401	65	104
402	60	104
403	56	104
404	53	104
405	53	104
406	51	104
407	49	104
408	47	104
409	46	104
410	43	104
411	44	104
412	49	104
413	50	104
414	47	104
415	46	104
416	47	104
417	49	104
418	51	104
419	51	104
420	53	104
421	55	104
422	56	104
423	59	104
424	65	104
425	66	104
426	62	104
427	60	104
428	60	104
429	62	104
430	60	104
431	56	104
432	51	104
433	46	104
434	41	104
435	39	104
436	41	104
437	40	104
438	34	104
439	30	104
440	32	104
441	34	104
442	34	104
443	34	104
444	35	104
445	38	104
446	39	104
447	41	104
448	45	104
449	48	104
450	45	104
451	46	104
452	53	104
453	59	104
454	62	104
455	62	104
456	64	104
457	67	104
458	68	104
459	67	104
460	67	104
461	66	104
462	61	104
463	58	104
464	61	104
465	62	104
466	59	104
467	55	104
468	52	104
469	52	104
470	52	104
471	49	104
472	48	104
473	47	104
474	44	104
475	42	104
476	47	104
477	50	104
478	48	104
479	45	104
480	45	104
481	47	104
482	50	104
483	50	104
484	51	104
485	54	104
486	55	104
487	57	104
488	62	104
489	67	104
490	65	104
491	62	104
492	62	104
493	65	104
494	67	104
495	64	104
496	63	104
497	63	104
498	61	104
499	58	104
500	59	104
501	60	104
502	53	104
503	47	104
504	45	104
505	46	104
506	46	104
507	43	104
508	42	104
509	42	104
510	42	104
511	41	104
512	43	104
513	46	104
514	43	104
515	40	104
516	43	104
517	49	104
518	52	104
519	54	104
520	55	105
521	58	104
522	61	104
523	62	104
524	63	104
525	65	104
526	63	104
527	58	104
528	58	104
529	56	104
530	49	104
531	42	104
532	37	104
533	37	104
534	38	104
535	37	104
536	38	104
537	39	104
538	38	104
539	37	104
540	43	104
541	50	104
542	53	104
543	52	104
544	54	104
545	58	104
546	63	104
547	66	104
548	69	104
549	72	104
550	73	104
551	73	104
552	76	104
553	81	104
554	79	104
555	74	104
556	71	104
557	70	104
558	69	104
559	65	104
560	61	104
561	59	104
562	56	104
563	53	104
564	52	104
565	53	104
566	50	104
567	43	104
568	40	104
569	42	104
570	42	104
571	41	104
572	40	104
573	40	104
574	40	104
575	40	104
576	42	104
577	45	104
578	44	104
579	40	104
580	41	104
581	47	104
582	51	104
583	53	104
584	53	104
585	56	104
586	58	104
587	60	104
588	61	104
589	64	104
590	63	104
591	59	104
592	59	104
593	64	104
594	65	104
595	63	104
596	60	104
597	58	104
598	57	104
599	56	104
600	53	104
601	50	104
602	47	104
603	41	104
604	41	104
605	47	104
606	47	104
607	44	104
608	41	104
609	41	104
610	42	104
611	42	104
612	42	104
613	42	104
614	42	104
615	41	104
616	43	104
617	50	104
618	53	104
619	51	104
620	49	104
621	52	104
622	55	104
623	57	104
624	58	104
625	59	104
626	61	104
627	63	104
628	64	104
629	69	104
630	70	104
631	65	104
632	62	104
633	63	104
634	64	104
635	62	104
636	59	104
637	58	104
638	57	104
639	55	104
640	53	104
641	55	104
642	53	104
643	47	104
644	43	104
645	44	104
646	46	104
647	46	104
648	43	104
649	43	104
650	43	104
651	44	104
652	43	104
653	44	104
654	45	104
655	41	104
656	40	104
657	46	104
658	49	104
659	50	104
660	49	104
661	50	104
662	52	104
663	55	104
664	55	104
665	56	104
666	58	104
667	55	104
668	55	104
669	60	104
670	64	104
671	63	104
672	60	104
673	59	104
674	61	104
675	60	104
676	58	104
677	57	104
678	56	104
679	52	104
680	50	104
681	53	104
682	55	104
683	51	104
684	47	104
685	45	104
686	46	104
687	46	104
688	45	104
689	44	104
690	44	104
691	43	104
692	43	104
693	47	104
694	50	104
695	46	104
696	43	104
697	44	104
698	47	104
699	49	104
700	49	104
701	49	104
702	51	104
703	53	104
704	54	104
705	58	104
706	61	104
707	58	104
708	55	104
709	57	104
710	61	104
711	62	104
712	61	104
713	59	104
714	60	104
715	60	104
716	59	104
717	59	104
718	60	104
719	55	104
720	49	104
721	51	104
722	53	104
723	54	104
724	50	104
725	49	104
726	49	104
727	50	104
728	48	104
729	48	104
730	49	104
731	45	104
732	42	104
733	46	104
734	51	104
735	52	104
736	51	104
737	50	104
738	52	104
739	54	104
740	55	104
741	56	104
742	57	104
743	57	104
744	55	104
745	59	104
746	65	104
747	66	104
748	62	105
749	61	104
750	61	104
751	62	104
752	60	104
753	59	104
754	58	104
755	56	104
756	54	104
757	56	104
758	60	104
759	56	104
760	52	104
761	50	105
762	48	104
763	51	104
764	50	104
765	49	104
766	51	104
767	53	104
768	53	104
769	55	104
770	60	104
771	59	104
772	54	104
773	55	104
774	57	104
775	59	104
776	59	104
777	57	104
778	57	104
779	58	104
780	57	104
781	55	104
782	57	104
783	55	104
784	49	104
785	48	104
786	51	104
787	52	104
788	51	104
789	49	104
790	49	104
791	50	104
792	50	104
793	50	104
794	51	104
795	49	104
796	46	104
797	47	104
798	51	104
799	54	104
800	53	104
801	51	104
802	52	104
803	53	104
804	53	104
805	52	104
806	52	104
807	51	104
808	48	104
809	49	104
810	54	104
811	55	104
812	53	104
813	50	104
814	49	104
815	52	104
816	50	104
817	51	104
818	50	104
819	51	104
820	48	104
821	48	104
822	53	104
823	54	104
824	49	104
825	47	104
826	48	104
827	49	104
828	49	104
829	49	104
830	48	104
831	49	104
832	48	104
833	49	104
834	53	104
835	54	104
836	51	104
837	47	104
838	47	104
839	46	104
840	46	104
841	44	104
842	40	104
843	39	104
844	37	104
845	34	104
846	34	104
847	31	104
848	22	104
849	19	104
850	22	104
851	23	104
852	22	104
853	19	104
854	19	104
855	19	104
856	19	104
857	18	104
858	19	104
859	17	104
860	12	104
861	11	104
862	17	104
863	19	104
864	18	104
865	16	104
866	16	104
867	17	104
868	17	104
869	14	104
870	15	104
871	14	104
872	10	104
873	10	104
874	17	104
875	20	104
876	17	104
877	15	104
878	15	104
879	17	104
880	17	104
881	16	104
882	15	104
883	16	104
884	14	104
885	15	104
886	20	104
887	23	104
888	18	104
889	14	104
890	14	104
891	17	104
892	17	104
893	15	104
894	15	104
895	16	104
896	16	104
897	16	104
898	21	104
899	22	104
900	16	104
901	14	104
902	15	104
903	18	104
904	18	104
905	17	104
906	17	104
907	17	104
908	18	104
909	18	104
910	20	104
911	21	104
912	15	104
913	12	104
914	14	104
915	17	104
916	17	104
917	16	104
918	15	104
919	16	104
920	16	104
921	16	104
922	16	104
923	14	104
924	10	104
925	9	104
926	13	104
927	17	104
928	17	104
929	15	104
930	15	104
931	16	104
932	17	104
933	16	104
934	15	104
935	16	104
936	12	104
937	9	104
938	16	104
939	20	104
940	19	104
941	16	104
942	14	104
943	16	104
944	17	104
945	16	104
946	15	104
947	15	104
948	14	104
949	12	104
950	17	104
951	21	104
952	19	104
953	15	104
954	14	104
955	16	104
956	17	104
957	16	104
958	15	104
959	15	104
960	16	104
961	15	104
962	19	104
963	22	104
964	19	104
965	15	104
966	14	104
967	15	104
968	17	104
969	16	104
970	15	104
971	15	104
972	17	104
973	17	104
974	19	104
975	22	104
976	17	104
977	13	104
978	15	104
979	17	104
980	19	104
981	17	104
982	15	104
983	15	104
984	17	104
985	17	104
986	16	104
987	18	104
988	16	104
989	10	104
990	12	104
991	16	104
992	17	104
993	15	104
994	14	104
995	15	104
996	15	104
997	16	104
998	16	104
999	16	104
1000	14	104
1001	9	104
1002	12	104
1003	17	104
1004	18	104
1005	16	104
1006	15	104
1007	16	104
1008	17	104
1009	16	104
1010	15	104
1011	15	104
1012	14	104
1013	11	104
1014	14	104
1015	20	104
1016	20	104
1017	16	104
1018	15	104
1019	16	104
1020	19	104
1021	23	104
1022	37	104
1023	255	104
1024	255	104
1025	255	105
1026	255	105
1027	255	105
1028	176	105
1029	100	104
1030	68	104
1031	44	104
1032	36	104
1033	30	104
1034	26	104
1035	24	104
1036	23	104
1037	22	104
1038	23	104
1039	26	104
1040	25	104
1041	18	104
1042	16	104
1043	17	104
1044	19	104
1045	18	104
1046	18	104
1047	19	104
1048	19	104
1049	19	104
1050	18	104
1051	20	104
1052	19	104
1053	13	104
1054	11	104
1055	15	104
1056	17	104
1057	17	104
1058	15	104
1059	15	104
1060	17	104
1061	17	104
1062	16	104
1063	16	104
1064	15	104
1065	10	104
1066	11	104
1067	16	104
1068	18	104
1069	17	104
1070	15	104
1071	15	104
1072	17	104
1073	19	104
1074	20	104
1075	23	104
1076	42	104
1077	255	104
1078	255	104
1079	231	104
1080	218	104
1081	194	104
1082	150	104
1083	102	104
1084	79	104
1085	61	104
1086	49	104
1087	41	104
1088	36	104
1089	31	104
1090	28	104
1091	30	104
1092	31	104
1093	26	104
1094	23	104
1095	21	104
1096	22	104
1097	22	104
1098	21	104
1099	20	104
1100	20	104
1101	19	104
1102	19	104
1103	25	104
1104	25	104
1105	20	104
1106	17	104
1107	18	104
1108	20	104
1109	20	104
1110	19	104
1111	19	104
1112	21	104
1113	24	104
1114	27	104
1115	37	104
1116	67	104
1117	96	104
1118	114	104
1119	121	104
1120	132	104
1121	123	104
1122	112	104
1123	104	104
1124	99	104
1125	92	104
1126	86	104
1127	79	104
1128	73	104
1129	63	104
1130	53	104
1131	51	104
1132	49	104
1133	46	104
1134	42	104
1135	39	104
1136	37	104
1137	37	104
1138	38	104
1139	35	104
1140	34	104
1141	30	104
1142	26	104
1143	29	104
1144	33	104
1145	33	104
1146	32	104
1147	31	104
1148	33	104
1149	35	104
1150	37	104
1151	39	104
1152	42	104
1153	46	104
1154	48	104
1155	57	104
1156	66	104
1157	71	104
1158	73	104
1159	76	104
1160	79	104
1161	83	104
1162	84	104
1163	83	104
1164	81	104
1165	79	104
1166	74	104
1167	72	104
1168	72	104
1169	67	104
1170	59	104
1171	54	104
1172	51	104
1173	50	104
1174	47	104
1175	43	104
1176	41	104
1177	41	104
1178	40	104
1179	40	104
1180	43	104
1181	41	104
1182	35	104
1183	35	104
1184	37	104
1185	40	104
1186	40	104
1187	41	104
1188	44	104
1189	47	104
1190	50	104
1191	55	104
1192	59	104
1193	60	104
1194	58	104
1195	63	104
1196	67	104
1197	71	104
1198	73	104
1199	71	104
1200	71	104
1201	70	104
1202	68	104
1203	64	104
1204	62	104
1205	57	104
1206	49	104
1207	47	104
1208	48	104
1209	46	104
1210	43	104
1211	39	104
1212	36	104
1213	36	104
1214	34	104
1215	32	104
1216	31	104
1217	29	104
1218	26	104
1219	26	104
1220	31	104
1221	32	104
1222	30	104
1223	28	104
1224	29	104
1225	31	104
1226	31	104
1227	32	104
1228	33	104
1229	35	104
1230	37	104
1231	42	104
1232	52	104
1233	58	104
1234	60	104
1235	62	104
1236	67	104
1237	73	104
1238	77	104
1239	81	104
1240	83	104
1241	86	104
1242	88	104
1243	89	104
1244	93	104
1245	95	104
1246	89	104
1247	86	104
1248	83	104
1249	78	104
1250	69	104
1251	58	104
1252	51	104
1253	47	104
1254	45	104
1255	43	104
1256	43	104
1257	43	104
1258	37	104
1259	33	104
1260	34	104
1261	35	104
1262	35	104
1263	33	104
1264	34	104
1265	35	104
1266	35	104
1267	36	104
1268	38	104
1269	39	104
1270	37	104
1271	37	104
1272	43	104
1273	49	104
1274	53	104
1275	57	104
1276	61	104
1277	67	104
1278	73	104
1279	78	104
1280	83	104
1281	87	104
1282	89	104
1283	88	104
1284	91	104
1285	93	104
1286	90	104
1287	84	104
1288	78	104
1289	73	104
1290	68	104
1291	61	104
1292	56	104
1293	51	104
1294	45	104
1295	41	104
1296	41	104
1297	42	104
1298	39	104
1299	37	104
1300	35	104
1301	33	104
1302	32	104
1303	31	104
1304	30	104
1305	29	104
1306	29	104
1307	29	104
1308	32	104
1309	35	104
1310	33	104
1311	31	104
1312	31	104
1313	34	104
1314	37	104
1315	42	104
1316	49	104
1317	54	104
1318	59	104
1319	66	104
1320	73	104
1321	81	104
1322	83	104
1323	82	104
1324	84	104
1325	86	104
1326	85	104
1327	82	104
1328	77	104
1329	73	104
1330	68	104
1331	64	104
1332	59	104
1333	57	104
1334	51	104
1335	43	104
1336	41	104
1337	41	104
1338	40	104
1339	38	104
1340	36	104
1341	35	104
1342	35	104
1343	35	104
1344	33	104
1345	33	104
1346	31	104
1347	28	104
1348	30	104
1349	35	104
1350	37	104
1351	38	104
1352	36	104
1353	41	104
1354	45	104
1355	47	104
1356	51	104
1357	54	104
1358	57	104
1359	58	104
1360	61	104
1361	67	104
1362	69	104
1363	69	104
1364	68	104
1365	67	104
1366	66	104
1367	65	104
1368	63	104
1369	61	104
1370	57	104
1371	53	104
1372	52	104
1373	53	104
1374	52	104
1375	47	104
1376	44	104
1377	42	104
1378	42	104
1379	41	104
1380	40	104
1381	39	104
1382	39	104
1383	40	104
1384	41	104
1385	44	104
1386	45	104
1387	42	104
1388	42	104
1389	43	104
1390	47	104
1391	49	104
1392	50	104
1393	53	104
1394	55	104
1395	58	104
1396	62	104
1397	66	104
1398	68	104
1399	67	104
1400	66	104
1401	69	104
1402	70	104
1403	71	104
1404	71	104
1405	69	104
1406	68	104
1407	68	104
1408	67	104
1409	65	104
1410	62	104
1411	57	104
1412	52	104
1413	52	104
1414	53	104
1415	51	104
1416	49	104
1417	47	104
1418	46	104
1419	45	104
1420	45	104
1421	43	104
1422	41	104
1423	38	104
1424	36	104
1425	40	104
1426	44	104
1427	45	104
1428	45	104
1429	45	104
1430	46	104
1431	47	104
1432	49	104
1433	50	104
1434	51	104
1435	51	104
1436	53	104
1437	57	104
1438	62	104
1439	63	104
1440	63	104
1441	63	104
1442	64	104
1443	65	104
1444	66	104
1445	65	104
1446	65	104
1447	64	104
1448	63	104
1449	64	104
1450	65	104
1451	63	104
1452	59	104
1453	55	104
1454	54	104
1455	53	104
1456	51	104
1457	49	104
1458	48	104
1459	48	104
1460	46	104
1461	47	104
1462	47	104
1463	45	104
1464	41	104
1465	41	104
1466	40	104
1467	41	104
1468	42	104
1469	42	104
1470	43	104
1471	44	104
1472	46	104
1473	47	104
1474	50	104
1475	51	104
1476	49	104
1477	52	104
1478	55	104
1479	57	104
1480	59	104
1481	60	104
1482	62	104
1483	63	104
1484	63	104
1485	63	104
1486	63	104
1487	62	104
1488	58	104
1489	57	104
1490	57	104
1491	58	104
1492	57	104
1493	55	104
1494	53	104
1495	52	104
1496	50	104
1497	49	104
1498	47	104
1499	45	104
1500	43	104
1501	42	104
1502	45	104
1503	46	104
1504	45	104
1505	44	104
1506	44	104
1507	44	104
1508	45	104
1509	46	104
1510	46	104
1511	46	104
1512	46	104
1513	49	104
1514	50	104
1515	55	104
1516	54	104
1517	55	104
1518	56	104
1519	58	104
1520	59	104
1521	60	104
1522	61	104
1523	61	104
1524	61	104
1525	63	104
1526	65	104
1527	65	104
1528	62	104
1529	60	104
1530	58	104
1531	56	104
1532	57	104
1533	54	104
1534	53	104
1535	51	104
1536	51	104
1537	50	104
1538	51	104
1539	51	104
1540	47	104
1541	44	104
1542	44	104
1543	45	104
1544	46	104
1545	46	104
1546	45	104
1547	46	104
1548	46	104
1549	47	104
1550	48	104
1551	49	104
1552	47	104
1553	46	104
1554	49	104
1555	52	104
1556	54	104
1557	56	104
1558	57	104
1559	58	104
1560	59	104
1561	59	104
1562	60	104
1563	61	104
1564	58	104
1565	56	104
1566	58	104
1567	62	104
1568	62	104
1569	61	104
1570	59	104
1571	58	104
1572	56	104
1573	54	104
1574	53	104
1575	51	104
1576	49	104
1577	47	104
1578	49	104
1579	51	104
1580	50	104
1581	49	104
1582	46	104
1583	45	104
1584	45	104
1585	45	104
1586	46	104
1587	46	104
1588	47	104
1589	46	104
1590	49	104
1591	52	104
1592	52	104
1593	50	104
1594	49	104
1595	50	104
1596	51	104
1597	52	104
1598	52	104
1599	53	104
1600	53	104
1601	53	104
1602	56	104
1603	58	104
1604	57	104
1605	53	104
1606	52	104
1607	52	104
1608	53	104
1609	53	104
1610	52	104
1611	52	104
1612	51	104
1613	51	104
1614	52	104
1615	52	104
1616	51	104
1617	47	104
1618	46	104
1619	48	104
1620	51	104
1621	50	104
1622	47	104
1623	47	104
1624	48	104
1625	49	104
1626	49	104
1627	50	104
1628	49	104
1629	47	104
1630	47	104
1631	51	104
1632	53	104
1633	54	104
1634	54	104
1635	55	104
1636	56	104
1637	57	104
1638	57	104
1639	57	104
1640	57	104
1641	54	104
1642	54	104
1643	57	104
1644	59	104
1645	59	104
1646	57	104
1647	56	104
1648	57	104
1649	56	104
1650	55	104
1651	55	104
1652	54	104
1653	52	104
1654	52	104
1655	55	104
1656	56	104
1657	53	104
1658	51	104
1659	51	104
1660	50	104
1661	51	104
1662	51	104
1663	51	104
1664	51	104
1665	51	104
1666	53	104
1667	56	104
1668	58	104
1669	57	104
1670	55	104
1671	55	104
1672	56	104
1673	59	104
1674	59	104
1675	59	104
1676	60	104
1677	61	104
1678	62	104
1679	64	104
1680	65	104
1681	62	104
1682	58	104
1683	58	104
1684	58	104
1685	58	104
1686	57	104
1687	56	104
1688	55	104
1689	54	104
1690	53	104
1691	53	104
1692	52	104
1693	49	104
1694	47	104
1695	47	104
1696	49	104
1697	50	104
1698	50	104
1699	49	104
1700	50	104
1701	50	104
1702	50	104
1703	50	104
1704	50	104
1705	48	104
1706	47	104
1707	49	104
1708	53	104
1709	53	104
1710	54	104
1711	54	104
1712	53	104
1713	53	104
1714	54	104
1715	54	104
1716	53	104
1717	52	104
1718	50	104
1719	51	104
1720	54	104
1721	53	104
1722	52	104
1723	50	104
1724	48	104
1725	48	104
1726	47	104
1727	46	104
1728	45	104
1729	47	104
1730	46	104
1731	46	104
1732	49	104
1733	49	104
1734	47	104
1735	47	104
1736	47	104
1737	49	104
1738	50	104
1739	51	104
1740	52	104
1741	53	104
1742	55	104
1743	57	104
1744	60	104
1745	61	104
1746	58	104
1747	56	104
1748	57	104
1749	58	104
1750	58	104
1751	57	104
1752	56	104
1753	55	104
1754	54	104
1755	54	104
1756	54	104
1757	52	104
1758	47	104
1759	45	104
1760	45	104
1761	45	104
1762	45	104
1763	45	104
1764	44	104
1765	44	104
1766	44	104
1767	45	104
1768	45	104
1769	44	104
1770	42	104
1771	42	104
1772	45	104
1773	48	104
1774	50	104
1775	51	104
1776	51	104
1777	53	104
1778	54	104
1779	55	104
1780	56	104
1781	53	104
1782	53	104
1783	53	104
1784	56	104
1785	59	104
1786	60	104
1787	60	104
1788	59	104
1789	59	104
1790	59	104
1791	60	104
1792	59	104
1793	58	104
1794	56	104
1795	56	104
1796	59	104
1797	61	104
1798	59	104
1799	57	104
1800	54	104
1801	52	104
1802	52	104
1803	51	104
1804	50	104
1805	49	104
1806	48	104
1807	48	104
1808	50	104
1809	52	104
1810	49	104
1811	46	104
1812	45	104
1813	45	104
1814	46	104
1815	46	104
1816	47	104
1817	47	104
1818	47	104
1819	48	104
1820	50	104
1821	53	104
1822	52	104
1823	49	104
1824	49	104
1825	52	104
1826	53	104
1827	54	104
1828	55	104
1829	55	104
1830	56	104
1831	57	104
1832	58	104
1833	59	104
1834	57	104
1835	53	104
1836	55	104
1837	57	104
1838	59	104
1839	57	104
1840	56	104
1841	55	104
1842	55	104
1843	55	104
1844	54	104
1845	54	104
1846	51	104
1847	47	104
1848	49	104
1849	51	104
1850	51	104
1851	50	104
1852	48	104
1853	48	104
1854	49	104
1855	49	104
1856	49	104
1857	48	104
1858	47	104
1859	46	104
1860	47	104
1861	50	104
1862	52	104
1863	51	104
1864	50	104
1865	50	104
1866	51	104
1867	52	104
1868	53	104
1869	53	104
1870	53	104
1871	53	104
1872	55	104
1873	59	104
1874	60	104
1875	58	104
1876	57	104
1877	57	104
1878	58	104
1879	58	104
1880	57	104
1881	58	104
1882	57	104
1883	57	104
1884	57	104
1885	60	104
1886	59	104
1887	56	104
1888	54	104
1889	52	104
1890	53	104
1891	52	104
1892	51	104
1893	51	104
1894	50	104
1895	50	104
1896	51	104
1897	53	104
1898	53	104
1899	49	104
1900	47	104
1901	49	104
1902	50	104
1903	51	104
1904	53	104
1905	53	104
1906	55	104
1907	55	104
1908	57	104
1909	58	104
1910	59	104
1911	57	104
1912	57	104
1913	60	104
1914	64	104
1915	66	104
1916	67	104
1917	68	104
1918	69	104
1919	70	104
1920	70	104
1921	70	104
1922	69	104
1923	66	104
1924	64	104
1925	65	104
1926	65	104
1927	65	104
1928	61	104
1929	59	104
1930	57	104
1931	55	104
1932	53	104
1933	51	104
1934	49	104
1935	45	104
1936	44	104
1937	45	104
1938	47	104
1939	46	104
1940	43	104
1941	42	104
1942	41	104
1943	39	104
1944	40	104
1945	40	104
1946	41	104
1947	42	104
1948	43	104
1949	46	104
1950	49	104
1951	50	104
1952	49	104
1953	49	104
1954	50	104
1955	52	104
1956	55	104
1957	56	104
1958	57	104
1959	58	104
1960	59	104
1961	63	104
1962	64	104
1963	63	104
1964	60	104
1965	58	104
1966	58	104
1967	57	104
1968	56	104
1969	55	104
1970	55	104
1971	53	104
1972	52	104
1973	52	104
1974	52	104
1975	50	104
1976	45	104
1977	44	104
1978	45	104
1979	47	104
1980	47	104
1981	46	104
1982	47	104
1983	47	104
1984	47	104
1985	49	104
1986	50	104
1987	50	104
1988	48	104
1989	49	104
1990	53	104
1991	56	104
1992	59	104
1993	60	104
1994	61	104
1995	63	104
1996	66	104
1997	67	104
1998	68	104
1999	68	104
2000	65	104
2001	64	104
2002	67	104
2003	69	104
2004	67	104
2005	64	104
2006	61	104
2007	59	104
2008	56	104
2009	53	104
2010	51	104
2011	46	104
2012	43	104
2013	41	104
2014	43	104
2015	45	104
2016	42	104
2017	37	104
2018	33	104
2019	31	104
2020	29	104
2021	28	104
2022	27	104
2023	25	104
2024	23	104
2025	23	104
2026	25	104
2027	25	104
2028	22	104
2029	19	104
2030	18	104
2031	19	104
2032	19	104
2033	18	104
2034	18	104
2035	17	104
2036	17	104
2037	18	104
2038	20	104
2039	21	104
2040	17	104
2041	14	104
2042	14	104
2043	15	104
2044	17	104
2045	17	104
2046	16	104
2047	16	104
2048	16	104
2049	17	104
2050	17	104
2051	15	104
2052	12	104
2053	10	104
2054	12	104
2055	15	104
2056	16	104
2057	16	104
2058	16	104
2059	16	104
2060	16	104
2061	16	104
2062	16	104
2063	15	104
2064	13	104
2065	12	104
2066	15	104
2067	17	104
2068	17	104
2069	17	104
2070	16	104
2071	15	104
2072	16	104
2073	15	104
2074	16	104
2075	15	104
2076	13	104
2077	12	104
2078	14	104
2079	18	104
2080	19	104
2081	18	104
2082	17	104
2083	17	104
2084	17	104
2085	17	104
2086	17	104
2087	17	104
2088	16	104
2089	15	104
2090	18	104
2091	21	104
2092	20	104
2093	18	104
2094	16	104
2095	15	104
2096	15	104
2097	15	104
2098	15	104
2099	15	104
2100	15	104
2101	15	104
2102	17	104
2103	19	104
2104	20	104
2105	17	104
2106	16	104
2107	15	104
2108	15	104
2109	16	104
2110	16	104
2111	16	104
2112	16	104
2113	16	104
2114	17	104
2115	19	104
2116	19	104
2117	15	104
2118	13	104
2119	13	104
2120	14	104
2121	14	104
2122	14	104
2123	16	104
2124	16	104
2125	16	104
2126	17	104
2127	17	104
2128	16	104
2129	13	104
2130	11	104
2131	14	104
2132	16	104
2133	16	104
2134	16	104
2135	16	104
2136	16	104
2137	16	104
2138	16	104
2139	16	104
2140	15	104
2141	13	104
2142	11	104
2143	14	104
2144	17	104
2145	17	104
2146	16	104
2147	16	104
2148	16	104
2149	16	104
2150	16	104
2151	16	104
2152	15	104
2153	13	104
2154	13	104
2155	16	104
2156	17	104
2157	17	104
2158	19	104
2159	16	104
2160	15	104
2161	15	104
2162	15	104
2163	15	104
2164	15	104
2165	15	104
2166	15	104
2167	17	104
2168	20	104
2169	19	104
2170	17	104
2171	15	104
2172	15	104
2173	16	104
2174	16	104
2175	17	104
2176	16	104
2177	16	104
2178	16	104
2179	18	104
2180	20	104
2181	19	104
2182	16	104
2183	15	104
2184	15	104
2185	15	104
2186	16	104
2187	16	104
2188	16	104
2189	16	104
2190	16	104
2191	17	104
2192	19	104
2193	17	104
2194	14	104
2195	14	104
2196	17	104
2197	23	104
2198	48	104
2199	255	104
2200	255	104
2201	255	104
2202	255	104
2203	202	105
2204	142	105
2205	87	104
2206	59	104
2207	41	104
2208	35	104
2209	31	104
2210	25	104
2211	25	104
2212	23	104
2213	22	104
2214	21	104
2215	21	104
2216	21	104
2217	19	104
2218	16	104
2219	15	104
2220	18	104
2221	20	104
2222	19	104
2223	19	104
2224	18	104
2225	18	104
2226	18	104
2227	17	104
2228	17	104
2229	17	104
2230	14	104
2231	14	104
2232	17	104
2233	19	104
2234	18	104
2235	17	104
2236	16	104
2237	16	104
2238	16	104
2239	16	104
2240	16	104
2241	16	104
2242	17	104
2243	18	104
2244	21	104
2245	27	104
2246	33	104
2247	148	104
2248	130	104
2249	212	104
2250	244	104
2251	211	104
2252	166	104
2253	139	104
2254	115	104
2255	87	104
2256	70	104
2257	59	104
2258	48	104
2259	39	104
2260	34	104
2261	31	104
2262	29	104
2263	26	104
2264	26	104
2265	25	104
2266	24	104
2267	24	104
2268	23	104
2269	23	104
2270	21	104
2271	18	104
2272	17	104
2273	18	104
2274	19	104
2275	19	104
2276	19	104
2277	19	104
2278	19	104
2279	17	104
2280	18	104
2281	18	104
2282	16	104
2283	15	104
2284	16	104
2285	19	104
2286	21	105
2287	25	104
2288	29	104
2289	41	104
2290	114	105
2291	95	104
2292	125	104
2293	144	104
2294	145	104
2295	140	104
2296	134	104
2297	123	104
2298	109	104
2299	95	104
2300	81	104
2301	68	104
2302	59	104
2303	51	104
2304	44	104
2305	39	104
2306	36	104
2307	32	104
2308	30	104
2309	31	104
2310	31	104
2311	29	104
2312	27	104
2313	25	104
2314	24	104
2315	24	104
2316	23	104
2317	26	104
2318	23	104
2319	21	104
2320	21	104
2321	25	104
2322	27	104
2323	25	104
2324	24	104
2325	25	104
2326	26	104
2327	29	104
2328	33	104
2329	43	104
2330	67	104
2331	71	104
2332	86	104
2333	97	104
2334	109	104
2335	115	104
2336	117	104
2337	116	104
2338	111	104
2339	105	104
2340	95	104
2341	85	104
2342	76	104
2343	68	104
2344	60	104
2345	54	104
2346	49	104
2347	43	104
2348	37	104
2349	35	104
2350	33	104
2351	32	104
2352	31	104
2353	30	104
2354	29	104
2355	28	104
2356	27	104
2357	27	104
2358	26	104
2359	25	104
2360	22	104
2361	23	104
2362	26	104
2363	27	104
2364	29	104
2365	30	104
2366	32	104
2367	35	104
2368	40	104
2369	51	104
2370	60	104
2371	67	104
2372	71	104
2373	79	104
2374	88	104
2375	95	104
2376	100	104
2377	100	104
2378	97	104
2379	93	104
2380	87	104
2381	80	104
2382	73	104
2383	65	104
2384	58	104
2385	53	104
2386	51	104
2387	47	104
2388	42	104
2389	39	104
2390	35	104
2391	35	104
2392	32	104
2393	31	104
2394	31	104
2395	30	104
2396	29	104
2397	29	104
2398	31	104
2399	32	104
2400	30	104
2401	29	104
2402	29	104
2403	30	104
2404	31	104
2405	33	104
2406	36	104
2407	41	104
2408	48	104
2409	56	104
2410	63	104
2411	71	104
2412	75	104
2413	80	104
2414	85	104
2415	89	104
2416	91	104
2417	92	104
2418	91	104
2419	88	104
2420	83	104
2421	77	104
2422	73	104
2423	67	104
2424	60	104
2425	55	104
2426	51	104
2427	47	104
2428	44	104
2429	41	104
2430	39	104
2431	37	104
2432	36	104
2433	35	104
2434	34	104
2435	33	104
2436	31	104
2437	28	104
2438	29	104
2439	31	104
2440	32	104
2441	32	104
2442	34	104
2443	35	104
2444	36	104
2445	39	104
2446	43	104
2447	48	104
2448	51	104
2449	53	104
2450	59	104
2451	66	104
2452	71	104
2453	74	104
2454	77	104
2455	79	104
2456	80	104
2457	80	104
2458	78	104
2459	76	104
2460	73	104
2461	68	104
2462	65	104
2463	65	104
2464	61	104
2465	57	104
2466	53	104
2467	49	104
2468	46	104
2469	44	104
2470	42	104
2471	40	104
2472	39	104
2473	38	104
2474	38	104
2475	39	104
2476	41	104
2477	37	104
2478	32	104
2479	35	104
2480	35	104
2481	35	104
2482	36	104
2483	39	104
2484	41	104
2485	43	104
2486	47	104
2487	51	104
2488	55	104
2489	55	104
2490	56	104
2491	59	104
2492	63	104
2493	66	104
2494	69	104
2495	71	104
2496	72	104
2497	72	104
2498	71	104
2499	71	104
2500	69	104
2501	65	104
2502	61	104
2503	58	104
2504	57	104
2505	55	104
2506	53	104
2507	50	104
2508	48	104
2509	46	104
2510	44	104
2511	43	104
2512	41	104
2513	38	104
2514	36	104
2515	37	104
2516	38	104
2517	38	104
2518	39	104
2519	39	104
2520	40	104
2521	40	104
2522	41	104
2523	42	104
2524	43	104
2525	44	104
2526	45	104
2527	48	104
2528	53	104
2529	56	104
2530	58	104
2531	59	104
2532	61	104
2533	64	104
2534	65	104
2535	67	104
2536	66	104
2537	65	104
2538	64	104
2539	63	104
2540	65	104
2541	63	104
2542	61	104
2543	58	104
2544	56	104
2545	53	104
2546	51	104
2547	48	104
2548	47	104
2549	45	104
2550	44	104
2551	45	104
2552	46	104
2553	46	104
2554	43	104
2555	42	104
2556	41	104
2557	41	104
2558	41	104
2559	41	104
2560	42	104
2561	43	104
2562	44	104
2563	46	104
2564	48	104
2565	49	104
2566	49	104
2567	49	104
2568	50	104
2569	53	104
2570	55	104
2571	57	104
2572	59	104
2573	60	104
2574	61	104
2575	62	104
2576	63	104
2577	63	104
2578	61	104
2579	59	104
2580	59	104
2581	59	104
2582	58	104
2583	58	104
2584	57	104
2585	58	104
2586	53	104
2587	52	104
2588	50	104
2589	48	104
2590	46	104
2591	43	104
2592	44	104
2593	45	104
2594	45	104
2595	45	104
2596	45	104
2597	44	104
2598	44	104
2599	44	104
2600	45	104
2601	45	104
2602	45	104
2603	46	104
2604	48	104
2605	51	104
2606	52	104
2607	53	104
2608	54	104
2609	54	104
2610	56	104
2611	57	104
2612	58	104
2613	59	104
2614	60	104
2615	59	104
2616	61	104
2617	64	104
2618	64	104
2619	62	104
2620	60	104
2621	59	104
2622	58	104
2623	57	104
2624	55	104
2625	54	104
2626	53	104
2627	52	104
2628	53	104
2629	53	104
2630	53	104
2631	51	104
2632	49	104
2633	49	104
2634	48	104
2635	48	104
2636	49	104
2637	50	104
2638	51	104
2639	54	104
2640	52	104
2641	55	104
2642	56	104
2643	55	104
2644	56	104
2645	57	104
2646	59	104
2647	61	104
2648	62	104
2649	63	104
2650	63	104
2651	64	104
2652	64	104
2653	64	104
2654	64	104
2655	61	104
2656	57	104
2657	57	104
2658	58	104
2659	58	104
2660	56	104
2661	55	104
2662	54	104
2663	52	104
2664	51	104
2665	49	104
2666	47	104
2667	45	104
2668	43	104
2669	44	104
2670	46	104
2671	47	104
2672	48	104
2673	49	104
2674	50	104
2675	51	104
2676	53	104
2677	55	104
2678	55	104
2679	56	104
2680	57	104
2681	60	104
2682	62	104
2683	63	104
2684	63	104
2685	62	104
2686	61	104
2687	59	104
2688	58	104
2689	57	104
2690	55	104
2691	53	104
2692	52	104
2693	54	104
2694	53	104
2695	51	104
2696	49	104
2697	47	104
2698	45	104
2699	44	104
2700	43	104
2701	43	104
2702	44	104
2703	43	104
2704	44	104
2705	46	104
2706	48	104
2707	48	104
2708	47	104
2709	46	104
2710	47	104
2711	49	104
2712	49	104
2713	51	104
2714	52	104
2715	53	104
2716	55	104
2717	56	104
2718	58	104
2719	58	104
2720	56	104
2721	55	104
2722	55	104
2723	55	104
2724	55	104
2725	54	104
2726	53	104
2727	52	104
2728	51	104
2729	50	104
2730	49	104
2731	48	104
2732	45	104
2733	43	104
2734	43	104
2735	44	104
2736	44	104
2737	44	104
2738	44	104
2739	44	104
2740	44	104
2741	44	104
2742	45	104
2743	45	104
2744	44	104
2745	44	104
2746	43	104
2747	51	104
2748	53	104
2749	53	104
2750	55	104
2751	58	104
2752	59	104
2753	60	104
2754	62	104
2755	63	104
2756	63	104
2757	63	104
2758	66	104
2759	68	104
2760	67	104
2761	66	104
2762	63	104
2763	58	104
2764	54	104
2765	50	104
2766	48	104
2767	47	104
2768	45	104
2769	44	104
2770	45	104
2771	48	104
2772	47	104
2773	46	104
2774	46	104
2775	46	104
2776	47	104
2777	48	104
2778	49	104
2779	52	104
2780	53	104
2781	55	104
2782	58	104
2783	61	104
2784	61	104
2785	60	104
2786	59	104
2787	59	104
2788	59	104
2789	59	104
2790	58	104
2791	56	104
2792	54	104
2793	51	104
2794	49	104
2795	47	104
2796	44	104
2797	40	104
2798	39	104
2799	38	104
2800	37	104
2801	39	104
2802	41	104
2803	41	104
2804	41	104
2805	41	104
2806	43	104
2807	45	104
2808	47	104
2809	46	104
2810	47	104
2811	51	104
2812	55	104
2813	58	104
2814	61	104
2815	62	104
2816	64	104
2817	65	104
2818	66	104
2819	67	104
2820	67	104
2821	65	104
2822	65	104
2823	65	104
2824	66	104
2825	65	104
2826	62	104
2827	61	104
2828	59	104
2829	56	104
2830	54	104
2831	52	104
2832	50	104
2833	47	104
2834	45	104
2835	46	104
2836	47	104
2837	46	104
2838	45	104
2839	43	104
2840	43	104
2841	42	104
2842	42	104
2843	42	104
2844	43	104
2845	43	104
2846	44	104
2847	47	104
2848	50	104
2849	50	104
2850	51	104
2851	51	104
2852	52	104
2853	55	104
2854	53	104
2855	56	104
2856	57	104
2857	58	104
2858	60	104
2859	61	104
2860	63	104
2861	62	104
2862	58	104
2863	55	104
2864	53	104
2865	51	104
2866	49	104
2867	47	104
2868	45	104
2869	44	104
2870	44	104
2871	45	104
2872	46	104
2873	45	104
2874	42	104
2875	42	104
2876	43	104
2877	45	104
2878	46	104
2879	47	104
2880	49	104
2881	51	104
2882	53	104
2883	55	104
2884	57	104
2885	58	104
2886	57	104
2887	59	104
2888	61	104
2889	64	104
2890	65	104
2891	66	104
2892	66	104
2893	66	104
2894	65	104
2895	65	104
2896	63	104
2897	61	104
2898	58	104
2899	56	105
2900	57	104
2901	56	104
2902	56	104
2903	54	104
2904	53	104
2905	52	104
2906	50	104
2907	49	104
2908	47	104
2909	47	104
2910	44	104
2911	44	104
2912	47	104
2913	49	104
2914	49	104
2915	49	104
2916	49	104
2917	50	104
2918	50	104
2919	51	104
2920	53	104
2921	54	104
2922	56	104
2923	58	104
2924	61	104
2925	65	104
2926	67	104
2927	68	104
2928	69	104
2929	71	104
2930	73	104
2931	74	104
2932	75	104
2933	76	104
2934	75	104
2935	75	104
2936	75	104
2937	75	104
2938	71	104
2939	67	104
2940	63	104
2941	60	104
2942	57	104
2943	55	104
2944	52	104
2945	49	104
2946	48	104
2947	45	104
2948	44	104
2949	44	104
2950	42	104
2951	38	104
2952	37	104
2953	36	104
2954	37	104
2955	37	104
2956	36	104
2957	37	104
2958	37	104
2959	37	104
2960	38	104
2961	42	104
2962	39	104
2963	38	104
2964	41	104
2965	43	104
2966	46	104
2967	49	104
2968	51	104
2969	54	104
2970	57	104
2971	59	104
2972	61	104
2973	64	104
2974	64	104
2975	63	104
2976	63	104
2977	66	104
2978	67	104
2979	67	104
2980	66	104
2981	64	104
2982	62	104
2983	61	104
2984	59	104
2985	57	104
2986	54	104
2987	52	104
2988	50	104
2989	51	104
2990	51	104
2991	51	104
2992	49	104
2993	47	104
2994	47	104
2995	47	104
2996	46	104
2997	47	104
2998	47	104
2999	47	104
3000	49	104
3001	51	104
3002	54	104
3003	54	104
3004	53	104
3005	54	104
3006	55	104
3007	56	104
3008	56	104
3009	57	104
3010	58	104
3011	59	104
3012	59	104
3013	61	104
3014	63	104
3015	61	104
3016	57	104
3017	55	104
3018	55	104
3019	55	104
3020	53	104
3021	53	104
3022	52	104
3023	50	104
3024	50	104
3025	49	104
3026	49	104
3027	47	104
3028	44	104
3029	43	104
3030	44	104
3031	45	104
3032	45	104
3033	45	104
3034	45	104
3035	46	104
3036	46	104
3037	47	104
3038	47	104
3039	47	104
3040	46	104
3041	47	104
3042	50	104
3043	53	104
3044	54	104
3045	56	104
3046	57	104
3047	58	104
3048	59	104
3049	59	104
3050	60	104
3051	60	104
3052	58	104
3053	58	104
3054	61	104
3055	61	104
3056	61	104
3057	61	104
3058	59	104
3059	58	104
3060	57	104
3061	56	104
3062	56	104
3063	54	104
3064	52	104
3065	51	104
3066	53	104
3067	53	104
3068	49	104
3069	51	104
3070	49	104
3071	48	104
3072	47	104
3073	46	104
3074	46	104
3075	45	104
3076	46	104
3077	46	104
3078	48	104
3079	49	104
3080	48	104
3081	47	104
3082	46	104
3083	47	104
3084	46	104
3085	46	104
3086	46	104
3087	46	104
3088	47	104
3089	49	104
3090	51	104
3091	53	104
3092	52	104
3093	51	104
3094	51	104
3095	52	104
3096	53	104
3097	53	104
3098	53	104
3099	55	104
3100	55	104
3101	56	104
3102	57	104
3103	58	104
3104	57	104
3105	55	104
3106	55	104
3107	56	104
3108	58	104
3109	58	104
3110	58	104
3111	58	104
3112	58	104
3113	57	104
3114	57	104
3115	57	104
3116	56	104
3117	53	104
3118	53	104
3119	54	104
3120	54	104
3121	53	104
3122	54	104
3123	55	104
3124	55	104
3125	54	104
3126	55	104
3127	55	104
3128	54	104
3129	52	104
3130	53	104
3131	56	104
3132	59	104
3133	61	104
3134	62	104
3135	64	104
3136	66	104
3137	68	104
3138	71	104
3139	75	104
3140	77	104
3141	78	104
3142	79	104
3143	82	104
3144	85	104
3145	83	104
3146	81	104
3147	79	104
3148	75	104
3149	72	104
3150	69	104
3151	65	104
3152	61	104
3153	57	104
3154	55	104
3155	54	104
3156	51	104
3157	47	104
3158	44	104
3159	41	104
3160	39	104
3161	38	104
3162	37	104
3163	36	104
3164	35	104
3165	35	104
3166	35	104
3167	37	104
3168	38	104
3169	36	104
3170	35	104
3171	35	104
3172	36	104
3173	38	104
3174	40	104
3175	42	104
3176	44	104
3177	49	104
3178	51	104
3179	55	104
3180	59	104
3181	61	104
3182	62	104
3183	64	104
3184	66	104
3185	68	104
3186	69	104
3187	69	104
3188	69	104
3189	67	104
3190	65	104
3191	63	104
3192	61	104
3193	57	104
3194	53	104
3195	49	104
3196	46	104
3197	43	104
3198	41	104
3199	38	104
3200	35	104
3201	33	104
3202	30	104
3203	29	104
3204	26	104
3205	23	104
3206	20	104
3207	19	104
3208	22	104
3209	22	104
3210	21	105
3211	20	104
3212	19	104
3213	18	104
3214	17	104
3215	18	104
3216	18	104
3217	17	104
3218	16	104
3219	16	104
3220	19	104
3221	20	104
3222	19	104
3223	17	104
3224	17	104
3225	16	104
3226	16	104
3227	15	104
3228	16	104
3229	19	104
3230	16	104
3231	17	104
3232	21	104
3233	20	104
3234	18	104
3235	16	104
3236	15	104
3237	15	104
3238	15	104
3239	15	104
3240	15	104
3241	15	104
3242	16	104
3243	17	104
3244	18	104
3245	18	104
3246	16	104
3247	14	104
3248	14	104
3249	14	104
3250	15	104
3251	15	104
3252	15	104
3253	16	104
3254	16	104
3255	16	104
3256	17	104
3257	17	104
3258	15	104
3259	13	104
3260	14	104
3261	16	104
3262	17	104
3263	17	104
3264	18	104
3265	18	104
3266	18	104
3267	18	104
3268	17	104
3269	17	104
3270	15	104
3271	13	104
3272	14	104
3273	15	104
3274	17	104
3275	17	104
3276	17	104
3277	17	104
3278	17	104
3279	16	104
3280	16	104
3281	15	104
3282	15	104
3283	13	104
3284	12	104
3285	15	104
3286	17	104
3287	17	104
3288	17	104
3289	17	104
3290	17	104
3291	15	104
3292	15	104
3293	15	104
3294	15	104
3295	15	104
3296	16	104
3297	19	104
3298	20	104
3299	19	104
3300	18	104
3301	18	104
3302	17	104
3303	17	104
3304	15	104
3305	16	104
3306	16	104
3307	15	104
3308	17	104
3309	19	104
3310	19	104
3311	17	104
3312	16	104
3313	15	104
3314	15	104
3315	15	104
3316	15	104
3317	16	104
3318	16	104
3319	15	104
3320	16	104
3321	18	104
3322	18	104
3323	16	104
3324	14	104
3325	14	104
3326	15	104
3327	15	104
3328	15	104
3329	16	104
3330	16	104
3331	16	104
3332	16	104
3333	17	104
3334	17	104
3335	15	104
3336	10	104
3337	13	104
3338	14	104
3339	15	104
3340	16	104
3341	16	104
3342	16	104
3343	16	104
3344	16	104
3345	16	104
3346	16	104
3347	13	104
3348	12	104
3349	13	104
3350	16	104
3351	17	104
3352	16	104
3353	15	104
3354	14	104
3355	13	104
3356	14	104
3357	15	104
3358	15	104
3359	14	104
3360	13	104
3361	14	104
3362	17	104
3363	18	104
3364	17	104
3365	17	104
3366	17	104
3367	16	104
3368	15	104
3369	15	104
3370	16	104
3371	15	104
3372	15	104
3373	16	104
3374	19	104
3375	20	104
3376	21	104
3377	28	104
3378	143	104
3379	255	104
3380	255	105
3381	255	105
3382	214	105
3383	133	105
3384	103	104
3385	73	104
3386	57	104
3387	46	104
3388	38	104
3389	30	104
3390	28	104
3391	27	104
3392	25	104
3393	23	104
3394	23	104
3395	22	104
3396	21	104
3397	21	104
3398	22	104
3399	22	104
3400	19	104
3401	17	104
3402	17	104
3403	17	104
3404	18	104
3405	18	104
3406	17	104
3407	19	104
3408	19	104
3409	18	104
3410	18	104
3411	19	104
3412	15	104
3413	14	104
3414	15	104
3415	16	104
3416	18	104
3417	19	104
3418	20	104
3419	23	104
3420	30	104
3421	71	104
3422	118	104
3423	178	104
3424	176	104
3425	163	104
3426	159	104
3427	148	104
3428	124	104
3429	102	104
3430	85	104
3431	70	104
3432	59	104
3433	49	104
3434	42	104
3435	38	104
3436	33	104
3437	29	104
3438	28	104
3439	29	104
3440	29	104
3441	27	104
3442	25	104
3443	22	104
3444	22	104
3445	23	104
3446	20	104
3447	20	104
3448	20	104
3449	20	104
3450	21	104
3451	24	104
3452	24	104
3453	23	104
3454	22	104
3455	21	104
3456	22	104
3457	23	104
3458	25	104
3459	29	104
3460	36	104
3461	55	104
3462	83	104
3463	90	104
3464	105	104
3465	117	104
3466	122	104
3467	125	104
3468	124	104
3469	117	104
3470	106	104
3471	95	104
3472	83	104
3473	72	104
3474	63	104
3475	57	104
3476	51	104
3477	43	104
3478	38	104
3479	35	104
3480	33	104
3481	31	104
3482	30	104
3483	29	104
3484	28	104
3485	27	104
3486	26	104
3487	26	104
3488	26	104
3489	23	104
3490	21	104
3491	22	104
3492	23	104
3493	24	104
3494	25	104
3495	27	104
3496	28	104
3497	30	104
3498	33	104
3499	39	104
3500	49	104
3501	62	104
3502	64	104
3503	76	104
3504	86	104
3505	95	104
3506	101	104
3507	105	104
3508	105	104
3509	102	104
3510	96	104
3511	89	104
3512	80	104
3513	71	104
3514	62	104
3515	55	104
3516	53	104
3517	48	104
3518	45	104
3519	41	104
3520	38	104
3521	36	104
3522	34	104
3523	33	104
3524	32	104
3525	30	104
3526	29	104
3527	29	104
3528	32	104
3529	32	104
3530	30	104
3531	29	104
3532	29	104
3533	29	104
3534	29	104
3535	30	104
3536	32	104
3537	35	104
3538	38	104
3539	44	104
3540	54	104
3541	59	104
3542	62	104
3543	67	104
3544	71	104
3545	75	104
3546	78	104
3547	79	104
3548	80	104
3549	79	104
3550	79	104
3551	76	104
3552	71	104
3553	68	104
3554	62	104
3555	57	104
3556	52	104
3557	49	104
3558	46	105
3559	43	104
3560	41	104
3561	40	104
3562	39	104
3563	37	104
3564	37	104
3565	37	104
3566	34	104
3567	33	104
3568	34	104
3569	35	104
3570	37	104
3571	37	104
3572	37	104
3573	39	104
3574	40	104
3575	43	104
3576	46	104
3577	49	104
3578	50	104
3579	52	104
3580	57	104
3581	61	104
3582	64	104
3583	66	104
3584	67	104
3585	68	104
3586	69	104
3587	70	104
3588	72	104
3589	72	104
3590	71	104
3591	69	104
3592	69	104
3593	70	104
3594	69	104
3595	66	104
3596	63	104
3597	60	104
3598	57	104
3599	54	104
3600	51	104
3601	49	104
3602	46	104
3603	44	104
3604	43	104
3605	43	104
3606	43	104
3607	40	104
3608	38	104
3609	36	104
3610	36	104
3611	35	104
3612	35	104
3613	35	104
3614	35	104
3615	35	104
3616	36	104
3617	39	104
3618	40	104
3619	39	104
3620	39	104
3621	39	104
3622	41	104
3623	42	104
3624	46	104
3625	49	104
3626	51	104
3627	54	104
3628	57	104
3629	60	104
3630	63	104
3631	62	104
3632	61	104
3633	62	104
3634	63	104
3635	64	104
3636	64	104
3637	63	104
3638	64	104
3639	63	104
3640	62	104
3641	62	104
3642	61	104
3643	57	104
3644	55	104
3645	54	104
3646	54	104
3647	53	104
3648	53	104
3649	52	104
3650	52	104
3651	51	104
3652	49	104
3653	49	104
3654	48	104
3655	45	104
3656	43	104
3657	43	104
3658	46	104
3659	48	104
3660	48	104
3661	47	104
3662	48	104
3663	48	104
3664	48	104
3665	48	104
3666	49	104
3667	48	104
3668	47	104
3669	49	104
3670	53	104
3671	53	104
3672	54	104
3673	55	104
3674	54	104
3675	55	104
3676	56	104
3677	55	104
3678	57	104
3679	58	104
3680	57	104
3681	59	104
3682	63	104
3683	63	104
3684	63	104
3685	63	104
3686	63	104
3687	62	104
3688	63	104
3689	62	104
3690	63	104
3691	63	104
3692	62	104
3693	61	104
3694	63	104
3695	61	104
3696	58	104
3697	55	104
3698	53	104
3699	51	104
3700	49	104
3701	47	104
3702	47	104
3703	46	104
3704	44	104
3705	43	104
3706	44	104
3707	44	104
3708	40	104
3709	39	104
3710	39	104
3711	37	104
3712	40	104
3713	43	104
3714	42	104
3715	44	104
3716	47	104
3717	50	104
3718	54	104
3719	57	104
3720	57	104
3721	58	104
3722	61	104
3723	65	104
3724	67	104
3725	68	104
3726	68	104
3727	69	104
3728	68	104
3729	66	104
3730	64	105
3731	61	104
3732	57	104
3733	53	104
3734	52	104
3735	52	104
3736	51	104
3737	50	104
3738	49	104
3739	48	104
3740	48	104
3741	47	104
3742	46	104
3743	46	104
3744	45	104
3745	44	104
3746	46	104
3747	49	104
3748	50	104
3749	51	104
3750	51	104
3751	52	104
3752	53	104
3753	53	104
3754	54	104
3755	56	104
3756	56	104
3757	56	104
3758	57	104
3759	61	104
3760	61	104
3761	59	104
3762	59	104
3763	57	104
3764	56	104
3765	55	104
3766	55	104
3767	55	104
3768	54	104
3769	52	104
3770	52	104
3771	53	104
3772	52	104
3773	49	104
3774	47	104
3775	46	104
3776	45	104
3777	45	104
3778	45	104
3779	45	104
3780	44	104
3781	44	104
3782	45	104
3783	46	104
3784	47	104
3785	45	104
3786	45	104
3787	46	104
3788	48	104
3789	50	104
3790	51	104
3791	52	104
3792	53	104
3793	54	104
3794	55	104
3795	57	104
3796	57	104
3797	56	104
3798	55	104
3799	56	104
3800	57	104
3801	58	104
3802	59	104
3803	58	104
3804	58	104
3805	57	104
3806	55	104
3807	53	104
3808	51	104
3809	46	104
3810	42	104
3811	42	104
3812	42	104
3813	41	104
3814	41	104
3815	40	104
3816	40	104
3817	40	104
3818	44	104
3819	42	104
3820	41	104
3821	43	104
3822	44	104
3823	49	104
3824	54	104
3825	57	104
3826	59	104
3827	62	104
3828	64	104
3829	68	104
3830	69	104
3831	71	104
3832	72	104
3833	72	104
3834	72	104
3835	72	104
3836	74	104
3837	72	104
3838	69	104
3839	63	104
3840	59	104
3841	56	104
3842	52	104
3843	49	104
3844	47	104
3845	45	104
3846	43	104
3847	42	104
3848	43	104
3849	41	104
3850	38	104
3851	36	104
3852	35	104
3853	35	104
3854	35	105
3855	34	104
3856	35	104
3857	35	104
3858	36	104
3859	38	104
3860	40	104
3861	41	104
3862	41	104
3863	42	104
3864	45	104
3865	48	104
3866	51	104
3867	55	104
3868	58	104
3869	62	104
3870	64	104
3871	67	104
3872	71	104
3873	70	104
3874	69	104
3875	68	104
3876	69	104
3877	69	104
3878	69	104
3879	67	104
3880	66	104
3881	64	104
3882	60	104
3883	58	104
3884	55	104
3885	52	104
3886	48	104
3887	45	104
3888	45	104
3889	45	104
3890	44	104
3891	43	104
3892	43	104
3893	42	104
3894	42	104
3895	42	104
3896	43	104
3897	42	104
3898	41	104
3899	42	104
3900	44	104
3901	48	104
3902	49	104
3903	51	104
3904	52	104
3905	53	104
3906	55	104
3907	56	104
3908	58	104
3909	60	104
3910	61	104
3911	61	104
3912	63	104
3913	66	104
3914	65	104
3915	63	104
3916	61	104
3917	59	104
3918	58	104
3919	56	104
3920	54	104
3921	53	104
3922	51	104
3923	49	104
3924	49	104
3925	48	104
3926	49	104
3927	47	104
3928	44	104
3929	43	104
3930	41	104
3931	41	104
3932	41	104
3933	41	104
3934	41	104
3935	41	104
3936	43	104
3937	45	104
3938	46	104
3939	44	104
3940	45	104
3941	46	104
3942	48	104
3943	51	104
3944	53	104
3945	54	104
3946	58	104
3947	60	104
3948	62	104
3949	65	104
3950	66	104
3951	65	104
3952	64	104
3953	65	104
3954	67	104
3955	67	104
3956	66	104
3957	65	104
3958	63	104
3959	62	104
3960	60	104
3961	57	104
3962	55	104
3963	51	104
3964	48	104
3965	48	104
3966	49	104
3967	48	104
3968	47	104
3969	46	104
3970	45	104
3971	44	104
3972	43	104
3973	43	104
3974	43	104
3975	42	104
3976	41	104
3977	44	104
3978	47	104
3979	46	104
3980	50	104
3981	52	104
3982	52	104
3983	55	104
3984	59	104
3985	63	104
3986	67	104
3987	71	104
3988	73	104
3989	77	104
3990	82	104
3991	85	104
3992	84	104
3993	82	104
3994	81	104
3995	78	104
3996	75	104
3997	71	104
3998	67	104
3999	62	104
4000	58	104
4001	55	104
4002	53	104
4003	49	104
4004	44	104
4005	41	104
4006	39	104
4007	38	104
4008	37	104
4009	35	104
4010	35	104
4011	35	104
4012	34	104
4013	35	104
4014	37	104
4015	36	104
4016	34	104
4017	35	104
4018	37	104
4019	40	104
4020	45	104
4021	49	104
4022	53	104
4023	57	104
4024	62	104
4025	67	104
4026	72	104
4027	75	104
4028	77	104
4029	78	104
4030	80	104
4031	81	104
4032	80	104
4033	79	104
4034	77	104
4035	75	104
4036	71	104
4037	65	104
4038	61	104
4039	57	104
4040	51	104
4041	47	104
4042	46	104
4043	45	104
4044	44	104
4045	42	104
4046	40	104
4047	39	104
4048	37	104
4049	36	104
4050	35	104
4051	33	104
4052	32	104
4053	31	104
4054	34	104
4055	37	104
4056	37	104
4057	37	104
4058	37	104
4059	38	104
4060	39	104
4061	41	104
4062	43	104
4063	45	104
4064	47	104
4065	49	104
4066	53	104
4067	57	104
4068	59	104
4069	59	104
4070	60	104
4071	61	104
4072	61	104
4073	62	104
4074	62	104
4075	62	104
4076	62	104
4077	61	104
4078	61	104
4079	63	104
4080	62	104
4081	59	104
4082	57	104
4083	56	104
4084	55	104
4085	54	104
4086	57	104
4087	55	104
4088	52	104
4089	53	104
4090	53	104
4091	55	104
4092	54	104
4093	51	104
4094	50	104
4095	50	104
