
TIME STEP:
125 = 0.1ms

VOLTAGE STEP:
CH1:  32 = 50mV~
CH2:  32 = 5V
GND	48	128
N	CH1	CH2

0	63	104
1	52	104
2	45	104
3	40	104
4	36	104
5	33	105
6	30	104
7	29	104
8	29	104
9	28	105
10	25	104
11	22	104
12	21	104
13	22	104
14	23	104
15	24	104
16	24	104
17	26	104
18	28	104
19	33	104
20	40	104
21	45	104
22	49	104
23	55	104
24	63	104
25	71	104
26	78	104
27	83	104
28	86	104
29	87	104
30	85	104
31	83	104
32	79	104
33	74	104
34	67	104
35	60	104
36	57	104
37	55	104
38	51	104
39	48	104
40	45	104
41	42	104
42	40	104
43	38	104
44	37	104
45	36	104
46	35	104
47	34	104
48	35	104
49	38	104
50	40	104
51	42	104
52	43	104
53	46	104
54	50	104
55	51	104
56	53	104
57	57	104
58	60	104
59	63	104
60	67	104
61	73	104
62	76	104
63	76	104
64	76	104
65	75	104
66	74	104
67	72	104
68	69	104
69	67	104
70	64	104
71	61	104
72	60	104
73	57	104
74	53	104
75	48	104
76	45	104
77	42	104
78	40	104
79	39	105
80	38	104
81	38	104
82	37	104
83	37	104
84	38	104
85	40	104
86	41	104
87	40	104
88	40	104
89	41	104
90	44	104
91	47	104
92	50	104
93	53	104
94	57	104
95	60	104
96	64	104
97	67	104
98	69	104
99	69	104
100	69	104
101	70	104
102	71	104
103	71	104
104	69	104
105	67	104
106	62	104
107	61	104
108	59	104
109	56	104
110	52	104
111	48	104
112	44	104
113	44	104
114	44	104
115	43	104
116	43	104
117	42	104
118	42	104
119	42	104
120	41	104
121	42	104
122	43	104
123	43	104
124	45	104
125	49	104
126	54	104
127	56	104
128	59	104
129	62	104
130	64	104
131	67	104
132	68	104
133	70	104
134	72	104
135	71	104
136	70	104
137	70	104
138	70	104
139	67	104
140	64	104
141	60	104
142	57	104
143	54	104
144	51	104
145	49	104
146	47	104
147	44	104
148	43	104
149	43	104
150	44	104
151	43	104
152	40	104
153	39	104
154	39	104
155	39	104
156	40	104
157	41	104
158	43	104
159	42	104
160	47	104
161	50	104
162	54	104
163	57	104
164	57	104
165	59	104
166	62	104
167	65	104
168	67	104
169	69	104
170	69	104
171	70	104
172	69	104
173	68	104
174	67	104
175	64	104
176	59	104
177	55	104
178	54	104
179	53	104
180	52	104
181	50	104
182	48	104
183	47	104
184	45	104
185	44	104
186	43	104
187	42	104
188	40	104
189	39	104
190	41	104
191	44	104
192	46	104
193	47	104
194	49	104
195	51	104
196	53	104
197	55	104
198	59	104
199	61	104
200	63	104
201	65	104
202	70	104
203	75	104
204	78	104
205	80	104
206	81	104
207	82	104
208	82	104
209	82	104
210	81	104
211	80	104
212	76	104
213	73	104
214	74	104
215	72	104
216	68	104
217	64	104
218	59	104
219	56	104
220	52	104
221	50	104
222	48	104
223	46	104
224	44	104
225	43	104
226	43	104
227	44	104
228	42	104
229	40	104
230	39	104
231	38	104
232	39	104
233	39	104
234	40	104
235	41	104
236	43	104
237	44	104
238	46	104
239	49	104
240	50	104
241	49	104
242	50	104
243	52	104
244	54	104
245	56	104
246	57	104
247	58	104
248	59	104
249	59	104
250	59	104
251	59	104
252	57	104
253	54	104
254	52	104
255	53	104
256	52	104
257	52	104
258	51	104
259	50	104
260	50	104
261	49	104
262	48	104
263	48	104
264	47	104
265	45	104
266	42	104
267	48	104
268	51	104
269	53	104
270	54	104
271	54	104
272	57	104
273	59	104
274	60	104
275	62	104
276	63	104
277	63	104
278	64	104
279	67	104
280	69	104
281	68	104
282	65	104
283	63	104
284	62	104
285	58	104
286	56	104
287	54	104
288	51	104
289	47	104
290	45	104
291	45	104
292	45	104
293	42	104
294	40	104
295	38	104
296	36	104
297	35	104
298	35	104
299	35	104
300	35	104
301	36	104
302	37	104
303	40	104
304	43	104
305	43	104
306	43	104
307	46	104
308	48	104
309	53	104
310	56	104
311	59	104
312	64	104
313	68	104
314	71	104
315	75	104
316	79	104
317	77	104
318	76	104
319	72	104
320	70	104
321	69	104
322	64	104
323	60	104
324	56	104
325	51	104
326	46	104
327	41	104
328	38	104
329	34	104
330	30	104
331	27	104
332	28	104
333	28	104
334	28	104
335	27	104
336	27	104
337	28	104
338	28	104
339	28	104
340	32	104
341	37	104
342	40	104
343	47	104
344	59	104
345	72	104
346	86	104
347	102	104
348	119	104
349	135	104
350	148	104
351	153	104
352	151	104
353	139	104
354	112	104
355	81	104
356	67	104
357	58	105
358	51	104
359	44	104
360	38	104
361	34	104
362	30	104
363	27	104
364	26	104
365	24	104
366	23	104
367	23	104
368	25	104
369	25	104
370	24	105
371	23	104
372	24	104
373	22	104
374	25	104
375	27	104
376	31	104
377	39	104
378	45	104
379	51	104
380	59	104
381	67	104
382	73	104
383	77	104
384	82	104
385	86	104
386	88	104
387	88	104
388	85	104
389	83	104
390	77	104
391	71	104
392	66	105
393	61	104
394	55	104
395	47	104
396	43	104
397	40	104
398	38	104
399	37	104
400	35	104
401	33	104
402	33	104
403	33	104
404	32	104
405	33	104
406	33	104
407	32	104
408	35	104
409	39	104
410	44	104
411	49	104
412	54	104
413	59	104
414	65	104
415	70	104
416	76	104
417	80	104
418	83	104
419	83	104
420	83	104
421	84	104
422	82	104
423	79	104
424	73	104
425	68	104
426	62	104
427	58	104
428	53	104
429	49	104
430	44	104
431	39	104
432	37	104
433	38	104
434	38	104
435	35	104
436	34	104
437	33	104
438	32	104
439	32	104
440	32	104
441	33	104
442	34	104
443	37	104
444	40	104
445	45	104
446	50	104
447	52	104
448	54	104
449	57	104
450	60	104
451	65	104
452	68	104
453	71	104
454	74	104
455	75	104
456	76	104
457	78	104
458	78	104
459	75	104
460	69	104
461	66	104
462	64	104
463	61	104
464	58	104
465	55	104
466	53	104
467	51	104
468	49	104
469	48	104
470	48	104
471	44	104
472	41	104
473	41	104
474	41	104
475	41	104
476	43	104
477	43	104
478	45	104
479	47	104
480	47	104
481	49	104
482	50	104
483	51	104
484	51	104
485	54	104
486	57	104
487	60	104
488	62	104
489	63	104
490	63	104
491	63	104
492	63	104
493	62	104
494	60	104
495	57	104
496	54	104
497	53	104
498	54	104
499	53	104
500	52	104
501	51	104
502	49	104
503	48	104
504	47	104
505	46	104
506	45	104
507	45	104
508	44	104
509	44	104
510	47	104
511	49	104
512	48	104
513	48	104
514	48	104
515	49	104
516	49	104
517	50	104
518	51	104
519	51	104
520	52	104
521	53	104
522	56	104
523	57	104
524	56	104
525	55	104
526	54	104
527	54	104
528	53	104
529	53	104
530	53	104
531	53	104
532	55	104
533	54	104
534	53	104
535	54	104
536	53	104
537	51	104
538	50	104
539	51	104
540	51	104
541	50	104
542	51	104
543	52	104
544	52	104
545	53	104
546	54	104
547	55	104
548	54	104
549	51	104
550	52	104
551	53	104
552	53	104
553	54	104
554	56	104
555	56	104
556	57	104
557	58	104
558	58	104
559	59	104
560	59	104
561	57	104
562	59	104
563	62	104
564	63	104
565	65	104
566	65	104
567	64	104
568	64	104
569	60	104
570	55	104
571	50	104
572	44	104
573	39	104
574	37	104
575	39	104
576	38	104
577	38	104
578	38	104
579	39	104
580	40	104
581	43	104
582	45	104
583	49	104
584	53	104
585	57	104
586	65	104
587	69	104
588	75	104
589	79	104
590	80	104
591	81	104
592	80	104
593	78	104
594	75	104
595	70	104
596	65	104
597	59	104
598	55	104
599	52	104
600	49	104
601	44	104
602	39	104
603	37	104
604	35	104
605	35	104
606	33	104
607	33	104
608	33	104
609	33	104
610	34	104
611	37	104
612	40	104
613	40	104
614	42	104
615	45	104
616	49	104
617	54	104
618	59	104
619	64	104
620	69	104
621	73	104
622	77	104
623	79	104
624	82	104
625	80	104
626	77	104
627	74	105
628	72	104
629	69	104
630	65	104
631	61	104
632	57	104
633	53	104
634	49	104
635	46	104
636	43	104
637	38	104
638	35	104
639	37	104
640	33	104
641	33	104
642	33	104
643	33	104
644	34	104
645	34	104
646	34	104
647	36	104
648	37	104
649	38	104
650	39	104
651	43	104
652	48	104
653	53	104
654	57	104
655	60	104
656	64	104
657	68	104
658	71	104
659	73	104
660	74	104
661	76	104
662	74	104
663	73	104
664	73	104
665	71	104
666	67	104
667	62	104
668	57	104
669	53	104
670	49	104
671	46	104
672	43	104
673	41	104
674	38	104
675	38	104
676	39	104
677	38	104
678	35	104
679	34	104
680	34	104
681	34	104
682	35	104
683	35	104
684	37	104
685	39	104
686	42	104
687	45	104
688	50	104
689	55	104
690	56	104
691	58	104
692	64	104
693	66	104
694	69	104
695	72	104
696	74	105
697	76	104
698	76	104
699	75	104
700	74	104
701	71	104
702	67	104
703	61	104
704	59	104
705	57	104
706	55	104
707	53	104
708	51	104
709	49	104
710	47	104
711	45	104
712	45	104
713	44	104
714	43	104
715	43	104
716	45	104
717	49	104
718	52	104
719	55	104
720	58	104
721	61	104
722	65	104
723	67	104
724	71	104
725	73	104
726	73	104
727	72	104
728	72	104
729	71	104
730	70	104
731	66	104
732	62	104
733	58	104
734	55	104
735	52	104
736	49	104
737	48	104
738	46	104
739	44	104
740	45	104
741	47	104
742	47	104
743	47	104
744	47	104
745	47	104
746	49	104
747	49	104
748	51	104
749	52	104
750	53	104
751	54	104
752	56	104
753	59	104
754	61	104
755	61	104
756	60	104
757	60	104
758	60	104
759	59	104
760	58	104
761	59	104
762	58	104
763	57	104
764	57	104
765	58	104
766	55	104
767	51	104
768	48	104
769	46	104
770	46	104
771	45	104
772	45	104
773	44	104
774	44	104
775	44	104
776	44	104
777	45	104
778	45	104
779	43	104
780	43	104
781	44	104
782	46	104
783	47	104
784	49	104
785	50	104
786	51	104
787	51	104
788	51	104
789	51	104
790	50	104
791	49	104
792	47	104
793	47	104
794	49	104
795	51	104
796	53	104
797	54	104
798	56	104
799	55	104
800	59	104
801	60	104
802	62	104
803	62	104
804	62	104
805	63	104
806	66	104
807	63	104
808	58	104
809	54	104
810	50	104
811	47	104
812	45	104
813	44	104
814	44	104
815	43	104
816	43	104
817	46	104
818	51	104
819	53	104
820	53	104
821	55	104
822	57	104
823	59	104
824	61	104
825	64	104
826	67	104
827	68	104
828	70	104
829	72	104
830	73	104
831	73	104
832	70	104
833	67	104
834	64	104
835	61	104
836	59	104
837	56	104
838	53	104
839	51	104
840	48	104
841	46	104
842	46	104
843	45	104
844	40	104
845	37	104
846	36	104
847	37	104
848	37	104
849	36	104
850	36	104
851	37	104
852	35	104
853	40	104
854	41	104
855	43	104
856	43	104
857	43	104
858	43	104
859	44	104
860	45	104
861	43	104
862	40	104
863	37	104
864	32	104
865	28	104
866	24	104
867	20	104
868	15	104
869	11	104
870	11	104
871	11	104
872	12	104
873	10	104
874	10	104
875	9	104
876	9	104
877	9	104
878	8	104
879	7	104
880	5	104
881	4	104
882	6	104
883	8	104
884	8	104
885	8	104
886	7	104
887	7	104
888	6	104
889	5	104
890	5	104
891	5	104
892	5	104
893	5	104
894	7	104
895	9	104
896	8	104
897	7	104
898	6	104
899	5	104
900	5	104
901	5	104
902	5	104
903	5	104
904	5	104
905	4	104
906	6	104
907	10	104
908	9	104
909	6	104
910	5	104
911	5	104
912	5	104
913	5	104
914	4	104
915	5	104
916	5	104
917	5	104
918	6	104
919	7	104
920	8	104
921	5	104
922	6	104
923	6	104
924	7	104
925	8	104
926	8	104
927	7	104
928	7	104
929	7	104
930	7	104
931	7	104
932	7	104
933	4	104
934	3	104
935	3	104
936	5	104
937	5	104
938	6	104
939	5	104
940	6	104
941	5	104
942	5	104
943	5	104
944	5	104
945	2	104
946	1	104
947	3	104
948	5	104
949	6	104
950	7	104
951	6	104
952	6	104
953	6	104
954	5	104
955	5	104
956	5	104
957	3	104
958	3	104
959	3	104
960	8	104
961	9	104
962	8	104
963	6	104
964	5	104
965	5	104
966	5	104
967	5	104
968	5	104
969	5	104
970	5	104
971	7	104
972	9	104
973	8	104
974	7	104
975	6	104
976	5	104
977	6	104
978	6	104
979	7	104
980	6	104
981	5	104
982	5	104
983	7	104
984	9	104
985	8	104
986	5	104
987	4	104
988	4	104
989	5	104
990	5	104
991	5	104
992	5	104
993	5	104
994	5	104
995	6	104
996	8	104
997	7	104
998	4	104
999	3	104
1000	3	104
1001	4	104
1002	5	104
1003	5	104
1004	5	104
1005	6	104
1006	5	104
1007	5	104
1008	6	104
1009	5	104
1010	2	104
1011	2	104
1012	1	104
1013	3	104
1014	6	104
1015	4	104
1016	4	104
1017	6	104
1018	6	104
1019	7	104
1020	9	104
1021	12	104
1022	34	104
1023	255	104
1024	255	105
1025	255	105
1026	255	105
1027	193	104
1028	136	105
1029	85	105
1030	63	104
1031	44	104
1032	34	104
1033	27	104
1034	22	104
1035	19	104
1036	19	104
1037	20	104
1038	18	104
1039	16	104
1040	14	104
1041	13	104
1042	12	104
1043	11	104
1044	11	105
1045	11	104
1046	10	104
1047	10	104
1048	12	105
1049	15	104
1050	14	104
1051	13	104
1052	14	104
1053	16	104
1054	20	104
1055	32	104
1056	82	104
1057	81	104
1058	109	104
1059	131	104
1060	143	104
1061	152	104
1062	152	104
1063	141	104
1064	124	104
1065	107	104
1066	88	104
1067	75	104
1068	62	104
1069	52	104
1070	44	104
1071	37	104
1072	33	104
1073	30	104
1074	27	105
1075	22	104
1076	19	104
1077	19	104
1078	18	104
1079	18	104
1080	17	104
1081	17	104
1082	18	104
1083	18	104
1084	17	104
1085	18	104
1086	19	104
1087	17	104
1088	18	104
1089	23	104
1090	32	104
1091	46	104
1092	55	104
1093	66	104
1094	76	104
1095	88	104
1096	97	104
1097	105	104
1098	108	104
1099	107	104
1100	103	104
1101	97	104
1102	91	104
1103	83	104
1104	74	104
1105	65	104
1106	57	104
1107	50	104
1108	44	104
1109	39	104
1110	35	104
1111	30	104
1112	27	104
1113	27	104
1114	28	104
1115	27	104
1116	26	104
1117	25	104
1118	23	104
1119	23	104
1120	24	104
1121	26	104
1122	28	104
1123	29	104
1124	32	104
1125	40	104
1126	47	104
1127	53	104
1128	59	104
1129	65	104
1130	72	104
1131	79	104
1132	85	104
1133	89	104
1134	92	104
1135	92	104
1136	90	104
1137	89	104
1138	85	104
1139	79	104
1140	71	104
1141	63	104
1142	56	104
1143	51	104
1144	46	104
1145	42	104
1146	39	104
1147	36	104
1148	34	104
1149	33	104
1150	33	104
1151	31	104
1152	28	104
1153	27	104
1154	27	104
1155	28	104
1156	29	104
1157	31	104
1158	33	104
1159	36	104
1160	39	104
1161	43	104
1162	48	104
1163	52	104
1164	55	104
1165	59	104
1166	66	104
1167	71	104
1168	77	104
1169	82	104
1170	85	104
1171	86	104
1172	85	104
1173	83	104
1174	81	104
1175	75	104
1176	69	104
1177	64	104
1178	61	104
1179	58	104
1180	56	104
1181	52	104
1182	48	104
1183	45	104
1184	43	104
1185	41	104
1186	40	104
1187	39	104
1188	36	104
1189	35	104
1190	37	104
1191	39	104
1192	38	104
1193	41	104
1194	43	104
1195	45	104
1196	47	104
1197	49	104
1198	52	104
1199	55	104
1200	57	104
1201	60	104
1202	64	104
1203	68	104
1204	70	104
1205	70	104
1206	69	104
1207	68	104
1208	67	104
1209	65	104
1210	62	105
1211	60	104
1212	57	104
1213	55	104
1214	54	104
1215	53	104
1216	51	104
1217	47	104
1218	45	104
1219	43	104
1220	43	104
1221	43	104
1222	44	104
1223	45	104
1224	46	104
1225	51	104
1226	53	104
1227	56	104
1228	60	105
1229	63	104
1230	67	104
1231	70	104
1232	75	104
1233	79	104
1234	81	104
1235	83	104
1236	84	104
1237	83	104
1238	80	104
1239	77	104
1240	73	104
1241	65	104
1242	60	104
1243	56	104
1244	53	104
1245	49	104
1246	47	104
1247	43	104
1248	41	104
1249	37	104
1250	36	104
1251	35	104
1252	32	104
1253	29	104
1254	28	104
1255	30	104
1256	32	104
1257	33	104
1258	34	104
1259	35	104
1260	37	104
1261	39	104
1262	41	104
1263	45	104
1264	47	104
1265	49	104
1266	53	104
1267	58	104
1268	65	104
1269	68	104
1270	71	104
1271	73	104
1272	74	104
1273	73	104
1274	73	104
1275	71	104
1276	68	104
1277	65	104
1278	62	104
1279	61	104
1280	59	104
1281	56	104
1282	52	104
1283	47	104
1284	44	104
1285	42	104
1286	41	104
1287	40	104
1288	39	104
1289	38	104
1290	38	104
1291	40	104
1292	42	104
1293	41	104
1294	40	104
1295	40	104
1296	42	105
1297	45	104
1298	46	104
1299	48	104
1300	52	104
1301	53	105
1302	55	104
1303	58	104
1304	61	104
1305	61	104
1306	61	104
1307	61	104
1308	61	104
1309	63	104
1310	64	104
1311	63	104
1312	63	104
1313	63	104
1314	62	104
1315	61	104
1316	61	104
1317	60	104
1318	57	104
1319	55	104
1320	56	104
1321	56	104
1322	57	104
1323	57	104
1324	56	104
1325	56	104
1326	55	104
1327	55	104
1328	54	104
1329	53	104
1330	50	104
1331	49	104
1332	52	104
1333	49	104
1334	49	104
1335	48	104
1336	47	104
1337	47	104
1338	45	104
1339	44	104
1340	43	104
1341	42	104
1342	40	104
1343	39	104
1344	41	104
1345	43	104
1346	45	104
1347	46	104
1348	46	104
1349	47	104
1350	49	104
1351	50	104
1352	51	104
1353	56	104
1354	59	104
1355	61	104
1356	65	104
1357	68	104
1358	68	104
1359	67	104
1360	65	104
1361	65	104
1362	63	104
1363	61	104
1364	59	104
1365	58	104
1366	55	104
1367	53	104
1368	53	104
1369	53	104
1370	50	104
1371	47	104
1372	44	104
1373	43	104
1374	43	104
1375	43	104
1376	43	104
1377	44	104
1378	45	104
1379	46	104
1380	48	104
1381	50	104
1382	51	104
1383	50	105
1384	52	104
1385	57	104
1386	58	104
1387	59	104
1388	61	104
1389	63	104
1390	64	104
1391	63	104
1392	62	104
1393	61	104
1394	58	104
1395	53	104
1396	51	104
1397	50	104
1398	49	104
1399	49	104
1400	47	104
1401	47	104
1402	47	104
1403	46	104
1404	45	104
1405	45	104
1406	45	104
1407	44	104
1408	44	104
1409	47	104
1410	51	104
1411	53	104
1412	54	104
1413	55	104
1414	56	104
1415	57	104
1416	57	104
1417	59	104
1418	59	104
1419	58	104
1420	57	104
1421	60	104
1422	61	104
1423	60	104
1424	59	104
1425	57	104
1426	56	104
1427	54	104
1428	53	104
1429	51	104
1430	50	104
1431	48	104
1432	48	104
1433	48	104
1434	49	104
1435	48	104
1436	47	104
1437	45	104
1438	46	104
1439	49	104
1440	45	104
1441	47	104
1442	47	104
1443	48	104
1444	49	104
1445	51	104
1446	54	104
1447	54	104
1448	53	104
1449	54	104
1450	55	104
1451	56	104
1452	57	104
1453	58	104
1454	59	104
1455	60	104
1456	61	104
1457	62	104
1458	63	104
1459	61	104
1460	58	104
1461	56	104
1462	55	104
1463	54	104
1464	54	104
1465	53	104
1466	51	104
1467	51	104
1468	50	104
1469	49	104
1470	48	104
1471	47	104
1472	44	104
1473	43	104
1474	45	104
1475	46	104
1476	47	104
1477	48	104
1478	48	104
1479	49	104
1480	49	104
1481	51	104
1482	51	104
1483	52	104
1484	51	104
1485	51	104
1486	55	104
1487	57	104
1488	58	104
1489	59	104
1490	59	104
1491	60	104
1492	62	104
1493	58	104
1494	58	104
1495	58	104
1496	56	104
1497	56	104
1498	57	104
1499	59	104
1500	58	104
1501	57	104
1502	56	104
1503	55	104
1504	55	104
1505	54	104
1506	55	104
1507	55	104
1508	54	104
1509	54	104
1510	57	104
1511	59	104
1512	58	104
1513	58	104
1514	59	104
1515	60	104
1516	60	104
1517	60	104
1518	60	104
1519	60	104
1520	59	104
1521	59	104
1522	60	104
1523	60	104
1524	58	104
1525	55	104
1526	53	104
1527	51	104
1528	51	104
1529	50	104
1530	50	104
1531	49	104
1532	49	104
1533	50	104
1534	50	104
1535	52	104
1536	52	104
1537	50	104
1538	50	104
1539	51	104
1540	54	104
1541	55	104
1542	56	104
1543	58	104
1544	59	104
1545	59	104
1546	60	104
1547	60	104
1548	58	104
1549	57	104
1550	56	104
1551	56	104
1552	56	104
1553	55	105
1554	54	104
1555	53	104
1556	51	104
1557	49	104
1558	48	104
1559	47	104
1560	45	104
1561	42	104
1562	42	104
1563	43	104
1564	44	104
1565	45	104
1566	45	104
1567	46	104
1568	46	104
1569	47	104
1570	48	104
1571	49	104
1572	49	104
1573	49	104
1574	50	104
1575	54	104
1576	57	104
1577	58	104
1578	58	104
1579	58	104
1580	58	104
1581	58	104
1582	57	104
1583	57	104
1584	57	104
1585	55	104
1586	55	104
1587	56	104
1588	57	104
1589	55	104
1590	54	104
1591	53	104
1592	52	104
1593	53	104
1594	53	104
1595	54	104
1596	55	104
1597	55	104
1598	56	104
1599	61	104
1600	64	104
1601	62	104
1602	61	104
1603	60	104
1604	60	104
1605	59	104
1606	59	104
1607	58	104
1608	58	104
1609	55	104
1610	51	104
1611	48	104
1612	45	104
1613	41	104
1614	37	104
1615	36	104
1616	36	104
1617	38	104
1618	41	104
1619	40	104
1620	41	104
1621	42	104
1622	43	104
1623	45	104
1624	49	104
1625	51	104
1626	51	104
1627	53	104
1628	59	104
1629	62	104
1630	65	104
1631	67	104
1632	69	104
1633	69	104
1634	69	104
1635	69	104
1636	67	105
1637	65	104
1638	61	104
1639	59	104
1640	58	104
1641	58	104
1642	56	104
1643	54	104
1644	52	104
1645	50	104
1646	48	104
1647	47	104
1648	45	104
1649	44	104
1650	42	104
1651	41	104
1652	41	104
1653	45	104
1654	44	104
1655	44	104
1656	44	104
1657	45	104
1658	46	104
1659	47	104
1660	49	104
1661	51	104
1662	53	104
1663	55	104
1664	58	104
1665	62	104
1666	63	104
1667	64	104
1668	63	104
1669	64	104
1670	65	104
1671	65	104
1672	65	104
1673	65	104
1674	64	104
1675	62	104
1676	61	104
1677	59	104
1678	55	104
1679	49	104
1680	46	104
1681	44	104
1682	43	104
1683	42	104
1684	41	104
1685	42	104
1686	42	104
1687	42	104
1688	44	104
1689	46	104
1690	47	104
1691	46	104
1692	47	104
1693	50	104
1694	54	104
1695	56	104
1696	60	104
1697	62	104
1698	64	104
1699	65	104
1700	66	104
1701	65	104
1702	63	104
1703	58	104
1704	55	104
1705	51	104
1706	54	104
1707	51	104
1708	49	104
1709	49	104
1710	49	104
1711	48	104
1712	48	104
1713	48	104
1714	47	104
1715	45	104
1716	46	104
1717	49	104
1718	51	104
1719	53	104
1720	53	104
1721	54	104
1722	55	104
1723	55	104
1724	56	104
1725	58	104
1726	58	104
1727	58	104
1728	59	104
1729	62	104
1730	64	104
1731	64	104
1732	63	104
1733	62	104
1734	61	104
1735	59	104
1736	58	104
1737	57	104
1738	55	104
1739	54	104
1740	53	104
1741	53	104
1742	54	104
1743	51	104
1744	49	104
1745	47	104
1746	46	104
1747	46	104
1748	45	104
1749	46	104
1750	46	104
1751	46	104
1752	48	104
1753	50	104
1754	53	104
1755	53	104
1756	52	104
1757	52	104
1758	53	104
1759	56	104
1760	58	104
1761	59	104
1762	60	104
1763	61	104
1764	61	104
1765	62	104
1766	63	104
1767	61	104
1768	59	104
1769	57	104
1770	57	104
1771	58	104
1772	57	104
1773	57	104
1774	56	104
1775	55	104
1776	55	104
1777	54	104
1778	56	104
1779	52	104
1780	47	104
1781	47	104
1782	47	104
1783	48	104
1784	49	104
1785	50	104
1786	50	104
1787	51	104
1788	51	104
1789	51	104
1790	52	104
1791	52	104
1792	51	104
1793	52	104
1794	55	104
1795	57	104
1796	59	104
1797	59	104
1798	60	104
1799	60	104
1800	61	104
1801	61	104
1802	61	104
1803	61	104
1804	59	104
1805	60	104
1806	61	104
1807	63	104
1808	62	104
1809	61	104
1810	60	104
1811	59	104
1812	55	104
1813	58	104
1814	58	104
1815	58	104
1816	57	104
1817	58	104
1818	62	104
1819	64	104
1820	63	104
1821	63	104
1822	63	104
1823	63	104
1824	65	104
1825	65	104
1826	66	104
1827	67	104
1828	65	104
1829	66	104
1830	67	104
1831	67	104
1832	65	104
1833	60	104
1834	58	104
1835	57	104
1836	55	104
1837	53	104
1838	51	104
1839	50	104
1840	48	104
1841	47	104
1842	47	104
1843	47	104
1844	46	104
1845	43	104
1846	43	104
1847	44	104
1848	47	104
1849	48	104
1850	50	104
1851	53	104
1852	55	104
1853	56	104
1854	59	104
1855	61	104
1856	61	104
1857	61	104
1858	62	104
1859	63	104
1860	65	104
1861	64	104
1862	63	104
1863	61	104
1864	59	104
1865	52	104
1866	53	104
1867	51	104
1868	45	104
1869	40	104
1870	39	104
1871	40	104
1872	39	104
1873	38	104
1874	36	104
1875	35	104
1876	34	104
1877	33	104
1878	33	104
1879	34	104
1880	35	104
1881	35	104
1882	37	104
1883	41	104
1884	45	104
1885	49	104
1886	52	104
1887	56	104
1888	61	104
1889	66	104
1890	70	104
1891	74	104
1892	77	104
1893	79	104
1894	80	104
1895	81	104
1896	82	104
1897	78	104
1898	73	104
1899	68	104
1900	63	104
1901	59	104
1902	55	104
1903	51	104
1904	48	104
1905	45	104
1906	43	104
1907	43	104
1908	42	104
1909	39	104
1910	36	104
1911	34	104
1912	34	104
1913	35	104
1914	35	104
1915	37	104
1916	39	104
1917	41	104
1918	42	104
1919	45	104
1920	51	104
1921	53	104
1922	53	104
1923	57	104
1924	59	104
1925	63	104
1926	65	104
1927	67	104
1928	68	104
1929	68	104
1930	67	104
1931	66	104
1932	64	104
1933	61	104
1934	56	104
1935	53	104
1936	53	104
1937	51	104
1938	50	104
1939	47	104
1940	45	104
1941	43	104
1942	41	104
1943	40	104
1944	40	104
1945	39	104
1946	37	104
1947	38	104
1948	42	104
1949	45	104
1950	47	104
1951	49	104
1952	51	104
1953	53	104
1954	57	104
1955	60	104
1956	63	104
1957	65	104
1958	67	104
1959	68	104
1960	72	104
1961	73	104
1962	73	104
1963	71	104
1964	67	104
1965	65	104
1966	61	104
1967	58	104
1968	55	104
1969	52	104
1970	49	104
1971	46	104
1972	45	104
1973	46	104
1974	44	104
1975	42	104
1976	39	104
1977	38	104
1978	38	104
1979	38	104
1980	39	104
1981	40	104
1982	41	104
1983	43	104
1984	47	104
1985	51	104
1986	51	104
1987	52	104
1988	55	104
1989	57	104
1990	62	104
1991	65	104
1992	68	104
1993	71	104
1994	73	104
1995	74	104
1996	75	104
1997	76	104
1998	74	104
1999	70	104
2000	68	104
2001	66	104
2002	66	104
2003	64	104
2004	63	104
2005	61	104
2006	61	104
2007	61	104
2008	61	104
2009	62	104
2010	62	104
2011	61	104
2012	62	104
2013	66	104
2014	70	104
2015	72	104
2016	72	104
2017	74	104
2018	73	104
2019	72	104
2020	69	104
2021	63	104
2022	53	104
2023	43	104
2024	39	104
2025	38	104
2026	39	104
2027	41	104
2028	40	104
2029	40	104
2030	42	104
2031	44	104
2032	47	104
2033	49	104
2034	49	104
2035	48	104
2036	48	104
2037	51	104
2038	51	104
2039	46	104
2040	40	104
2041	35	104
2042	29	104
2043	24	104
2044	19	104
2045	15	104
2046	14	104
2047	13	104
2048	13	104
2049	15	104
2050	15	104
2051	12	104
2052	9	104
2053	8	104
2054	7	104
2055	7	104
2056	7	104
2057	7	104
2058	7	104
2059	7	104
2060	7	104
2061	9	104
2062	10	104
2063	7	104
2064	5	104
2065	4	104
2066	5	104
2067	5	104
2068	5	104
2069	5	104
2070	5	104
2071	5	104
2072	6	104
2073	7	104
2074	7	104
2075	4	104
2076	1	104
2077	3	104
2078	7	104
2079	4	104
2080	5	104
2081	5	104
2082	6	104
2083	6	104
2084	5	104
2085	5	104
2086	5	104
2087	3	104
2088	0	104
2089	2	104
2090	5	104
2091	6	104
2092	6	104
2093	5	104
2094	6	104
2095	6	104
2096	6	104
2097	6	104
2098	6	104
2099	6	104
2100	3	104
2101	5	104
2102	9	104
2103	9	104
2104	9	104
2105	8	104
2106	7	104
2107	7	104
2108	7	104
2109	6	104
2110	6	104
2111	5	104
2112	4	104
2113	5	104
2114	9	104
2115	9	104
2116	7	104
2117	5	104
2118	5	104
2119	5	104
2120	5	104
2121	5	104
2122	5	104
2123	5	104
2124	4	104
2125	6	104
2126	9	104
2127	10	104
2128	6	104
2129	4	104
2130	4	104
2131	5	104
2132	6	104
2133	6	104
2134	6	104
2135	7	104
2136	6	104
2137	6	104
2138	8	104
2139	9	104
2140	5	104
2141	3	104
2142	3	104
2143	5	104
2144	6	104
2145	5	104
2146	5	104
2147	5	104
2148	5	104
2149	7	104
2150	8	104
2151	8	104
2152	5	104
2153	2	104
2154	3	104
2155	4	104
2156	5	104
2157	5	104
2158	5	104
2159	5	104
2160	6	104
2161	5	104
2162	6	104
2163	6	104
2164	3	104
2165	0	104
2166	2	104
2167	6	104
2168	7	104
2169	6	104
2170	5	104
2171	5	104
2172	6	104
2173	5	104
2174	5	104
2175	5	104
2176	4	104
2177	1	104
2178	3	104
2179	7	104
2180	8	104
2181	6	104
2182	5	104
2183	5	104
2184	5	104
2185	5	104
2186	3	104
2187	5	104
2188	4	104
2189	3	104
2190	5	104
2191	9	104
2192	10	104
2193	8	104
2194	6	104
2195	6	104
2196	8	104
2197	13	104
2198	41	104
2199	255	104
2200	255	104
2201	255	105
2202	234	105
2203	157	104
2204	105	104
2205	58	104
2206	42	104
2207	30	104
2208	24	104
2209	21	104
2210	17	104
2211	16	104
2212	14	104
2213	13	104
2214	13	104
2215	14	104
2216	14	104
2217	10	104
2218	7	104
2219	7	104
2220	8	104
2221	9	104
2222	9	104
2223	8	104
2224	8	104
2225	8	104
2226	9	104
2227	10	104
2228	11	104
2229	8	104
2230	6	104
2231	9	104
2232	18	104
2233	40	104
2234	125	104
2235	152	104
2236	157	104
2237	175	104
2238	182	104
2239	164	104
2240	133	104
2241	107	104
2242	85	104
2243	68	104
2244	56	104
2245	47	104
2246	39	104
2247	33	104
2248	28	104
2249	26	104
2250	23	104
2251	22	104
2252	20	104
2253	17	104
2254	14	104
2255	15	104
2256	18	104
2257	19	104
2258	16	104
2259	17	104
2260	17	104
2261	18	104
2262	20	104
2263	23	104
2264	26	104
2265	34	104
2266	48	104
2267	55	104
2268	72	104
2269	85	104
2270	96	104
2271	104	104
2272	110	104
2273	114	104
2274	113	104
2275	108	104
2276	101	104
2277	91	104
2278	80	104
2279	70	104
2280	65	104
2281	59	104
2282	49	104
2283	41	104
2284	36	104
2285	33	104
2286	30	104
2287	28	104
2288	26	104
2289	25	104
2290	23	104
2291	23	104
2292	28	104
2293	26	104
2294	23	104
2295	21	104
2296	21	104
2297	23	104
2298	26	104
2299	28	104
2300	33	104
2301	39	104
2302	46	104
2303	53	104
2304	61	104
2305	71	104
2306	77	104
2307	80	104
2308	87	104
2309	94	104
2310	99	104
2311	99	104
2312	94	104
2313	90	104
2314	83	104
2315	76	104
2316	70	104
2317	64	104
2318	55	104
2319	46	104
2320	42	104
2321	41	104
2322	39	104
2323	36	104
2324	32	104
2325	30	104
2326	29	104
2327	28	104
2328	27	104
2329	27	104
2330	25	104
2331	23	104
2332	24	104
2333	29	104
2334	33	104
2335	34	104
2336	35	104
2337	38	104
2338	44	104
2339	48	104
2340	53	104
2341	59	104
2342	64	104
2343	69	104
2344	74	104
2345	84	104
2346	85	104
2347	86	104
2348	83	104
2349	80	104
2350	77	104
2351	74	104
2352	69	104
2353	64	104
2354	59	104
2355	53	104
2356	49	104
2357	49	104
2358	47	104
2359	42	104
2360	37	104
2361	33	104
2362	33	104
2363	33	104
2364	31	104
2365	30	104
2366	31	104
2367	32	104
2368	33	104
2369	36	104
2370	39	104
2371	39	104
2372	37	104
2373	40	104
2374	44	104
2375	50	104
2376	53	104
2377	57	104
2378	62	104
2379	65	104
2380	69	104
2381	74	104
2382	77	104
2383	76	104
2384	73	104
2385	71	104
2386	72	104
2387	71	104
2388	68	104
2389	63	104
2390	60	104
2391	57	104
2392	53	104
2393	51	104
2394	48	104
2395	43	104
2396	37	104
2397	36	104
2398	39	104
2399	38	104
2400	37	104
2401	35	104
2402	35	104
2403	37	104
2404	37	104
2405	38	104
2406	39	104
2407	40	104
2408	39	104
2409	41	104
2410	49	104
2411	53	104
2412	56	104
2413	58	104
2414	61	104
2415	65	104
2416	66	104
2417	68	104
2418	69	104
2419	70	105
2420	69	104
2421	67	104
2422	69	104
2423	70	104
2424	65	104
2425	60	104
2426	56	104
2427	54	104
2428	51	104
2429	48	104
2430	46	104
2431	43	104
2432	41	104
2433	39	104
2434	41	104
2435	43	104
2436	39	104
2437	36	104
2438	35	104
2439	36	104
2440	37	104
2441	37	104
2442	38	104
2443	39	104
2444	41	104
2445	43	104
2446	47	104
2447	52	104
2448	53	104
2449	51	104
2450	54	104
2451	59	104
2452	65	104
2453	66	104
2454	68	104
2455	69	104
2456	70	104
2457	70	104
2458	71	104
2459	71	104
2460	69	104
2461	63	104
2462	61	104
2463	62	104
2464	61	104
2465	59	104
2466	57	104
2467	57	104
2468	57	104
2469	57	104
2470	57	104
2471	61	104
2472	57	104
2473	53	104
2474	55	104
2475	59	104
2476	63	104
2477	66	104
2478	67	104
2479	68	104
2480	70	104
2481	71	104
2482	72	104
2483	71	104
2484	69	104
2485	64	104
2486	62	104
2487	63	104
2488	63	104
2489	59	104
2490	55	104
2491	52	104
2492	51	104
2493	49	104
2494	47	104
2495	45	104
2496	44	104
2497	42	104
2498	40	104
2499	44	104
2500	47	104
2501	46	104
2502	44	104
2503	44	104
2504	46	104
2505	46	104
2506	49	104
2507	51	104
2508	53	104
2509	54	104
2510	55	104
2511	61	104
2512	65	104
2513	64	104
2514	62	104
2515	61	104
2516	61	104
2517	61	104
2518	60	104
2519	58	104
2520	56	104
2521	52	104
2522	51	104
2523	52	104
2524	53	104
2525	49	104
2526	43	104
2527	41	104
2528	41	104
2529	41	104
2530	41	104
2531	40	104
2532	40	104
2533	41	104
2534	41	104
2535	43	104
2536	46	104
2537	45	104
2538	43	104
2539	43	104
2540	46	104
2541	49	104
2542	49	104
2543	48	104
2544	48	104
2545	48	104
2546	48	104
2547	50	104
2548	51	104
2549	52	104
2550	49	104
2551	51	104
2552	56	104
2553	61	104
2554	62	104
2555	63	104
2556	65	104
2557	66	104
2558	65	104
2559	68	104
2560	68	104
2561	66	104
2562	63	104
2563	62	104
2564	63	104
2565	63	104
2566	59	104
2567	50	104
2568	44	104
2569	40	104
2570	38	104
2571	36	104
2572	35	104
2573	34	104
2574	33	104
2575	32	104
2576	36	105
2577	40	104
2578	41	104
2579	42	104
2580	46	104
2581	50	104
2582	55	104
2583	60	104
2584	64	104
2585	69	104
2586	73	104
2587	76	104
2588	82	104
2589	87	104
2590	85	104
2591	81	104
2592	78	104
2593	75	104
2594	70	104
2595	63	104
2596	56	104
2597	50	104
2598	45	104
2599	42	104
2600	41	104
2601	41	104
2602	38	104
2603	32	104
2604	31	104
2605	32	104
2606	33	104
2607	33	104
2608	33	104
2609	35	104
2610	37	104
2611	38	104
2612	43	104
2613	48	104
2614	51	104
2615	50	104
2616	53	104
2617	58	104
2618	63	104
2619	63	104
2620	59	104
2621	56	104
2622	55	104
2623	55	104
2624	55	104
2625	57	104
2626	58	104
2627	56	104
2628	57	104
2629	61	104
2630	64	104
2631	66	104
2632	64	104
2633	63	104
2634	63	104
2635	61	104
2636	61	104
2637	60	104
2638	58	104
2639	54	104
2640	51	104
2641	53	104
2642	55	104
2643	53	104
2644	50	104
2645	48	104
2646	47	104
2647	47	104
2648	46	104
2649	46	104
2650	45	104
2651	43	104
2652	42	104
2653	46	104
2654	49	104
2655	49	104
2656	48	104
2657	48	104
2658	49	104
2659	51	105
2660	52	104
2661	54	104
2662	55	104
2663	56	104
2664	56	104
2665	60	104
2666	65	104
2667	66	104
2668	64	104
2669	61	104
2670	61	104
2671	63	104
2672	62	104
2673	61	104
2674	60	104
2675	59	104
2676	58	104
2677	58	104
2678	60	104
2679	57	104
2680	51	104
2681	50	104
2682	50	104
2683	51	104
2684	50	104
2685	50	104
2686	49	104
2687	48	104
2688	49	104
2689	49	104
2690	52	104
2691	51	104
2692	47	104
2693	47	104
2694	51	104
2695	53	104
2696	54	104
2697	54	104
2698	55	104
2699	57	104
2700	59	104
2701	59	104
2702	60	104
2703	60	104
2704	56	104
2705	55	104
2706	59	104
2707	61	104
2708	60	104
2709	59	104
2710	58	104
2711	58	104
2712	56	104
2713	56	104
2714	54	104
2715	53	104
2716	49	104
2717	47	104
2718	48	104
2719	51	104
2720	51	104
2721	47	104
2722	46	104
2723	47	104
2724	48	104
2725	48	104
2726	48	104
2727	48	104
2728	47	104
2729	47	104
2730	51	104
2731	56	104
2732	55	104
2733	54	104
2734	53	104
2735	54	104
2736	57	104
2737	57	104
2738	57	104
2739	58	104
2740	60	104
2741	60	104
2742	64	104
2743	68	104
2744	66	104
2745	63	104
2746	62	104
2747	64	104
2748	64	104
2749	63	104
2750	63	104
2751	63	104
2752	64	104
2753	64	104
2754	65	104
2755	69	104
2756	69	104
2757	63	104
2758	64	104
2759	67	104
2760	68	104
2761	68	104
2762	67	104
2763	68	104
2764	68	104
2765	68	104
2766	68	104
2767	69	104
2768	66	104
2769	59	104
2770	57	104
2771	60	104
2772	56	104
2773	55	104
2774	51	104
2775	49	104
2776	49	104
2777	47	104
2778	45	104
2779	45	104
2780	43	104
2781	38	104
2782	37	104
2783	41	104
2784	43	104
2785	43	104
2786	43	104
2787	45	104
2788	47	104
2789	47	104
2790	48	104
2791	49	104
2792	53	104
2793	51	104
2794	51	104
2795	58	104
2796	63	104
2797	63	104
2798	61	104
2799	62	104
2800	63	104
2801	63	104
2802	61	104
2803	60	104
2804	57	104
2805	54	104
2806	51	104
2807	53	104
2808	55	104
2809	52	104
2810	47	104
2811	46	104
2812	46	104
2813	45	104
2814	44	104
2815	43	104
2816	42	104
2817	43	104
2818	42	104
2819	45	104
2820	49	104
2821	48	104
2822	45	104
2823	46	104
2824	49	104
2825	52	104
2826	54	104
2827	56	104
2828	58	104
2829	59	104
2830	61	104
2831	63	104
2832	68	104
2833	67	104
2834	62	104
2835	60	104
2836	61	104
2837	61	104
2838	59	104
2839	55	104
2840	53	104
2841	54	104
2842	52	104
2843	51	104
2844	52	104
2845	49	104
2846	42	104
2847	40	104
2848	42	104
2849	44	104
2850	44	104
2851	42	104
2852	43	104
2853	45	104
2854	47	104
2855	48	104
2856	50	104
2857	52	104
2858	50	104
2859	50	104
2860	57	104
2861	63	104
2862	64	104
2863	64	104
2864	66	104
2865	69	104
2866	70	104
2867	70	104
2868	68	104
2869	67	104
2870	63	104
2871	60	104
2872	62	104
2873	63	104
2874	59	104
2875	55	104
2876	52	105
2877	51	104
2878	50	104
2879	46	104
2880	45	104
2881	43	104
2882	40	104
2883	38	104
2884	42	104
2885	46	104
2886	44	104
2887	41	104
2888	41	104
2889	43	104
2890	46	104
2891	45	104
2892	47	104
2893	49	104
2894	49	104
2895	51	104
2896	57	104
2897	62	104
2898	61	104
2899	60	104
2900	61	104
2901	64	104
2902	65	104
2903	64	104
2904	63	104
2905	62	104
2906	61	104
2907	60	104
2908	60	104
2909	62	104
2910	59	104
2911	52	104
2912	50	104
2913	52	104
2914	53	104
2915	51	104
2916	49	104
2917	50	104
2918	51	104
2919	52	104
2920	53	104
2921	56	104
2922	57	104
2923	52	104
2924	50	104
2925	54	104
2926	55	104
2927	53	104
2928	49	104
2929	47	104
2930	42	104
2931	39	104
2932	34	104
2933	32	104
2934	30	104
2935	27	104
2936	26	104
2937	31	104
2938	35	104
2939	35	104
2940	35	104
2941	38	104
2942	41	104
2943	45	104
2944	49	104
2945	52	104
2946	57	104
2947	60	104
2948	62	104
2949	71	104
2950	79	104
2951	83	104
2952	86	104
2953	89	104
2954	91	104
2955	91	104
2956	89	104
2957	84	104
2958	80	104
2959	75	104
2960	67	104
2961	66	104
2962	66	104
2963	60	104
2964	53	104
2965	49	104
2966	48	104
2967	47	104
2968	44	104
2969	42	104
2970	42	104
2971	43	104
2972	43	104
2973	47	104
2974	54	104
2975	55	104
2976	55	104
2977	59	104
2978	66	104
2979	74	104
2980	79	104
2981	83	104
2982	88	104
2983	91	104
2984	94	104
2985	95	104
2986	95	104
2987	90	104
2988	79	104
2989	70	104
2990	66	104
2991	61	104
2992	55	104
2993	49	104
2994	45	104
2995	43	104
2996	40	104
2997	37	104
2998	37	104
2999	35	104
3000	29	104
3001	27	104
3002	30	104
3003	31	104
3004	33	104
3005	31	104
3006	30	104
3007	33	104
3008	34	104
3009	37	104
3010	40	104
3011	43	104
3012	43	104
3013	45	104
3014	54	104
3015	61	104
3016	66	104
3017	68	104
3018	72	104
3019	76	104
3020	78	104
3021	78	104
3022	77	104
3023	76	104
3024	71	104
3025	64	104
3026	65	104
3027	65	104
3028	61	104
3029	55	104
3030	51	104
3031	49	104
3032	47	104
3033	44	104
3034	41	104
3035	39	104
3036	37	104
3037	34	104
3038	35	104
3039	42	104
3040	42	104
3041	40	104
3042	39	104
3043	41	104
3044	45	104
3045	48	104
3046	51	104
3047	54	104
3048	57	104
3049	59	104
3050	64	104
3051	71	104
3052	73	104
3053	69	104
3054	67	104
3055	68	104
3056	69	104
3057	66	104
3058	62	104
3059	58	104
3060	55	104
3061	52	104
3062	49	104
3063	51	104
3064	47	104
3065	39	104
3066	36	104
3067	37	104
3068	37	104
3069	37	104
3070	35	104
3071	36	104
3072	37	104
3073	39	104
3074	40	104
3075	45	104
3076	48	104
3077	47	104
3078	47	104
3079	55	104
3080	64	104
3081	68	104
3082	72	104
3083	76	104
3084	81	104
3085	84	104
3086	85	104
3087	85	104
3088	84	104
3089	78	104
3090	70	104
3091	65	104
3092	67	104
3093	62	104
3094	55	104
3095	51	104
3096	50	104
3097	47	104
3098	43	104
3099	40	104
3100	38	104
3101	34	104
3102	30	104
3103	33	104
3104	37	104
3105	37	104
3106	35	104
3107	35	104
3108	36	104
3109	38	104
3110	39	104
3111	41	104
3112	45	104
3113	48	104
3114	49	104
3115	55	104
3116	64	104
3117	67	104
3118	68	104
3119	69	104
3120	73	104
3121	75	104
3122	75	104
3123	74	104
3124	72	104
3125	71	104
3126	66	104
3127	65	104
3128	66	104
3129	62	104
3130	54	104
3131	50	104
3132	48	104
3133	46	104
3134	44	104
3135	41	104
3136	39	104
3137	38	104
3138	37	104
3139	37	104
3140	40	104
3141	41	104
3142	35	104
3143	34	104
3144	37	104
3145	40	104
3146	42	104
3147	42	104
3148	45	104
3149	49	104
3150	51	104
3151	54	104
3152	59	104
3153	63	104
3154	61	104
3155	61	104
3156	66	104
3157	70	104
3158	71	104
3159	70	104
3160	71	104
3161	71	104
3162	69	104
3163	67	104
3164	65	104
3165	65	104
3166	57	104
3167	50	104
3168	51	104
3169	52	104
3170	50	104
3171	46	104
3172	44	105
3173	44	104
3174	43	104
3175	42	104
3176	40	104
3177	40	104
3178	38	104
3179	35	104
3180	38	104
3181	45	104
3182	46	104
3183	45	104
3184	46	104
3185	49	104
3186	52	104
3187	53	104
3188	55	104
3189	58	104
3190	59	104
3191	59	104
3192	63	104
3193	70	104
3194	71	104
3195	68	104
3196	67	104
3197	66	104
3198	66	104
3199	65	104
3200	62	104
3201	60	104
3202	56	104
3203	52	104
3204	51	104
3205	54	104
3206	52	104
3207	45	104
3208	41	104
3209	42	104
3210	42	104
3211	40	104
3212	35	104
3213	32	104
3214	32	104
3215	31	104
3216	30	104
3217	31	104
3218	29	104
3219	21	104
3220	15	104
3221	14	104
3222	15	104
3223	13	104
3224	11	104
3225	11	104
3226	11	104
3227	10	104
3228	9	104
3229	11	104
3230	12	104
3231	6	104
3232	2	104
3233	6	104
3234	8	104
3235	8	105
3236	5	104
3237	5	104
3238	7	104
3239	7	104
3240	6	104
3241	6	104
3242	7	104
3243	2	104
3244	0	104
3245	3	104
3246	7	104
3247	7	104
3248	5	104
3249	4	104
3250	6	104
3251	7	104
3252	4	104
3253	6	104
3254	6	104
3255	1	104
3256	0	104
3257	3	104
3258	10	104
3259	9	104
3260	5	104
3261	4	104
3262	6	104
3263	7	104
3264	5	104
3265	5	104
3266	5	104
3267	2	104
3268	0	104
3269	4	104
3270	11	104
3271	9	104
3272	5	104
3273	3	104
3274	5	104
3275	7	104
3276	7	104
3277	6	104
3278	7	104
3279	7	104
3280	5	104
3281	6	104
3282	13	104
3283	13	104
3284	7	104
3285	4	104
3286	5	104
3287	8	104
3288	7	104
3289	5	104
3290	5	104
3291	5	104
3292	5	104
3293	6	104
3294	11	104
3295	11	104
3296	5	104
3297	1	104
3298	3	104
3299	6	104
3300	6	104
3301	4	104
3302	5	104
3303	6	104
3304	9	104
3305	5	104
3306	7	104
3307	8	104
3308	3	104
3309	0	104
3310	3	104
3311	7	104
3312	7	104
3313	4	104
3314	4	104
3315	6	104
3316	6	104
3317	5	104
3318	7	104
3319	8	104
3320	3	104
3321	0	104
3322	0	104
3323	5	104
3324	5	104
3325	3	104
3326	4	104
3327	6	104
3328	7	104
3329	5	104
3330	5	104
3331	6	104
3332	3	104
3333	0	104
3334	1	104
3335	8	104
3336	8	104
3337	5	104
3338	4	104
3339	5	104
3340	7	104
3341	5	104
3342	5	104
3343	5	104
3344	4	104
3345	0	104
3346	2	104
3347	9	104
3348	10	104
3349	6	104
3350	4	104
3351	5	104
3352	7	104
3353	6	104
3354	5	104
3355	5	104
3356	5	104
3357	3	104
3358	5	104
3359	11	104
3360	13	104
3361	8	104
3362	5	104
3363	5	104
3364	6	104
3365	6	104
3366	4	104
3367	5	104
3368	6	104
3369	6	104
3370	5	104
3371	11	104
3372	16	104
3373	17	104
3374	81	104
3375	255	104
3376	255	104
3377	255	105
3378	199	105
3379	124	104
3380	94	104
3381	60	104
3382	44	104
3383	34	104
3384	31	104
3385	23	104
3386	14	104
3387	13	104
3388	15	104
3389	15	104
3390	12	104
3391	10	104
3392	11	104
3393	11	104
3394	10	104
3395	10	104
3396	13	104
3397	9	105
3398	3	104
3399	4	104
3400	9	104
3401	11	104
3402	9	104
3403	8	104
3404	10	104
3405	13	104
3406	15	104
3407	23	104
3408	76	104
3409	95	104
3410	150	104
3411	173	104
3412	193	104
3413	202	104
3414	197	104
3415	171	104
3416	139	104
3417	111	104
3418	87	104
3419	65	104
3420	50	104
3421	39	104
3422	27	104
3423	21	104
3424	25	104
3425	25	104
3426	20	104
3427	16	104
3428	16	104
3429	18	104
3430	17	104
3431	14	104
3432	12	104
3433	12	104
3434	9	104
3435	7	104
3436	14	104
3437	17	104
3438	13	104
3439	9	104
3440	10	104
3441	13	104
3442	15	104
3443	15	104
3444	20	104
3445	31	104
3446	79	104
3447	75	104
3448	108	104
3449	135	104
3450	148	104
3451	153	104
3452	155	104
3453	149	104
3454	135	104
3455	115	104
3456	95	104
3457	78	104
3458	63	104
3459	51	104
3460	43	104
3461	40	104
3462	34	104
3463	23	104
3464	14	104
3465	18	104
3466	20	104
3467	17	104
3468	15	104
3469	15	104
3470	16	104
3471	14	104
3472	15	104
3473	18	104
3474	16	104
3475	9	104
3476	8	105
3477	13	104
3478	18	104
3479	17	104
3480	16	104
3481	21	104
3482	32	104
3483	56	104
3484	61	104
3485	82	104
3486	97	104
3487	108	104
3488	117	104
3489	128	105
3490	134	104
3491	128	104
3492	113	104
3493	98	104
3494	86	104
3495	74	104
3496	62	104
3497	53	104
3498	45	105
3499	36	104
3500	28	104
3501	29	104
3502	31	104
3503	28	104
3504	23	104
3505	21	104
3506	22	104
3507	22	104
3508	20	104
3509	19	104
3510	20	104
3511	18	104
3512	16	104
3513	20	104
3514	28	104
3515	29	104
3516	30	104
3517	39	104
3518	45	104
3519	56	104
3520	62	104
3521	71	104
3522	82	104
3523	91	104
3524	95	104
3525	100	104
3526	106	104
3527	105	104
3528	97	104
3529	87	104
3530	81	104
3531	75	104
3532	67	104
3533	60	104
3534	54	104
3535	48	104
3536	42	104
3537	38	104
3538	41	104
3539	41	104
3540	33	104
3541	28	104
3542	29	104
3543	31	104
3544	30	104
3545	28	104
3546	29	104
3547	31	104
3548	33	104
3549	35	104
3550	41	104
3551	45	104
3552	45	104
3553	44	104
3554	50	104
3555	59	104
3556	64	104
3557	67	104
3558	68	104
3559	67	104
3560	60	104
3561	55	104
3562	54	104
3563	55	104
3564	53	104
3565	49	104
3566	51	104
3567	58	104
3568	61	104
3569	61	104
3570	61	104
3571	65	104
3572	63	104
3573	64	104
3574	65	104
3575	65	104
3576	62	104
3577	56	104
3578	55	104
3579	60	104
3580	60	104
3581	56	104
3582	52	104
3583	51	104
3584	51	104
3585	48	104
3586	47	104
3587	47	104
3588	45	104
3589	40	104
3590	42	104
3591	45	104
3592	46	104
3593	43	104
3594	40	104
3595	41	104
3596	44	104
3597	45	104
3598	44	104
3599	46	104
3600	47	104
3601	46	104
3602	47	104
3603	54	104
3604	59	104
3605	58	104
3606	56	104
3607	57	104
3608	61	104
3609	63	104
3610	63	104
3611	64	104
3612	66	104
3613	66	104
3614	66	104
3615	69	104
3616	73	104
3617	69	104
3618	63	104
3619	60	104
3620	61	104
3621	60	104
3622	57	104
3623	55	104
3624	56	104
3625	51	104
3626	52	104
3627	52	104
3628	53	104
3629	49	104
3630	43	104
3631	43	104
3632	46	104
3633	48	104
3634	45	104
3635	45	104
3636	47	104
3637	48	104
3638	49	104
3639	51	104
3640	55	104
3641	55	104
3642	52	104
3643	52	104
3644	57	104
3645	61	104
3646	62	104
3647	61	104
3648	62	104
3649	65	104
3650	65	104
3651	65	104
3652	65	104
3653	65	104
3654	59	104
3655	55	104
3656	59	104
3657	61	104
3658	59	104
3659	54	104
3660	53	104
3661	53	104
3662	51	104
3663	49	104
3664	47	104
3665	46	104
3666	41	104
3667	38	104
3668	43	104
3669	47	104
3670	46	104
3671	43	104
3672	43	104
3673	45	104
3674	47	104
3675	47	104
3676	48	104
3677	46	104
3678	49	104
3679	46	104
3680	51	104
3681	60	104
3682	62	104
3683	60	104
3684	59	104
3685	62	104
3686	63	104
3687	63	104
3688	62	104
3689	62	104
3690	62	104
3691	60	104
3692	61	104
3693	65	104
3694	61	104
3695	55	104
3696	51	104
3697	51	104
3698	53	104
3699	52	104
3700	49	104
3701	48	104
3702	47	104
3703	46	104
3704	47	104
3705	51	104
3706	50	104
3707	45	104
3708	42	104
3709	45	104
3710	47	104
3711	48	104
3712	47	104
3713	48	104
3714	51	104
3715	52	104
3716	54	104
3717	59	104
3718	61	104
3719	59	104
3720	57	104
3721	61	104
3722	67	104
3723	70	104
3724	71	104
3725	74	104
3726	78	104
3727	81	104
3728	83	104
3729	87	104
3730	89	104
3731	87	105
3732	84	104
3733	84	105
3734	85	104
3735	83	104
3736	76	104
3737	70	104
3738	67	104
3739	62	104
3740	57	104
3741	53	104
3742	49	104
3743	43	104
3744	35	104
3745	36	104
3746	40	104
3747	40	104
3748	34	104
3749	31	104
3750	31	104
3751	35	104
3752	34	104
3753	34	104
3754	35	104
3755	35	104
3756	34	104
3757	39	104
3758	48	104
3759	51	104
3760	51	104
3761	52	104
3762	56	104
3763	61	104
3764	63	104
3765	64	104
3766	66	104
3767	67	104
3768	65	104
3769	66	104
3770	70	104
3771	70	104
3772	64	104
3773	57	104
3774	57	104
3775	56	104
3776	54	104
3777	50	104
3778	48	105
3779	47	104
3780	45	104
3781	45	104
3782	49	104
3783	49	104
3784	44	104
3785	42	104
3786	43	104
3787	48	104
3788	48	104
3789	48	104
3790	49	104
3791	52	104
3792	55	104
3793	59	104
3794	63	104
3795	65	104
3796	63	104
3797	58	104
3798	60	104
3799	64	104
3800	65	104
3801	63	104
3802	61	104
3803	61	104
3804	58	104
3805	56	104
3806	53	104
3807	51	104
3808	46	104
3809	38	104
3810	39	104
3811	43	104
3812	43	104
3813	39	104
3814	38	104
3815	39	104
3816	40	104
3817	41	104
3818	42	104
3819	43	104
3820	43	104
3821	42	104
3822	48	104
3823	58	104
3824	65	104
3825	69	104
3826	73	104
3827	81	104
3828	87	104
3829	89	104
3830	87	104
3831	72	104
3832	45	104
3833	32	104
3834	31	104
3835	36	104
3836	35	104
3837	34	104
3838	29	104
3839	32	104
3840	34	104
3841	34	104
3842	35	104
3843	38	104
3844	40	104
3845	41	104
3846	45	104
3847	53	104
3848	57	104
3849	55	104
3850	54	104
3851	57	104
3852	60	104
3853	58	104
3854	58	104
3855	59	104
3856	58	104
3857	57	104
3858	54	104
3859	58	104
3860	58	104
3861	51	104
3862	47	104
3863	48	104
3864	50	104
3865	50	104
3866	49	104
3867	50	104
3868	51	104
3869	54	104
3870	56	104
3871	60	104
3872	63	104
3873	62	104
3874	60	104
3875	65	104
3876	72	104
3877	75	104
3878	77	104
3879	81	104
3880	85	104
3881	89	104
3882	92	104
3883	94	104
3884	95	104
3885	88	104
3886	69	104
3887	49	104
3888	45	104
3889	43	104
3890	39	104
3891	38	104
3892	38	104
3893	39	104
3894	42	104
3895	44	104
3896	46	104
3897	45	104
3898	45	104
3899	52	105
3900	60	104
3901	65	104
3902	65	104
3903	67	104
3904	71	104
3905	73	104
3906	72	104
3907	69	104
3908	67	104
3909	64	104
3910	58	104
3911	58	104
3912	61	104
3913	58	104
3914	51	104
3915	46	104
3916	45	104
3917	44	104
3918	41	104
3919	39	104
3920	37	104
3921	36	104
3922	35	104
3923	37	104
3924	42	104
3925	41	104
3926	38	104
3927	37	104
3928	39	104
3929	43	104
3930	44	104
3931	45	104
3932	47	104
3933	51	104
3934	55	104
3935	59	104
3936	65	104
3937	68	104
3938	65	104
3939	64	104
3940	67	104
3941	69	104
3942	69	104
3943	65	104
3944	67	104
3945	66	104
3946	65	104
3947	62	104
3948	62	104
3949	59	104
3950	51	104
3951	47	104
3952	48	104
3953	50	104
3954	48	104
3955	45	104
3956	45	104
3957	46	104
3958	46	104
3959	46	104
3960	48	104
3961	47	104
3962	42	104
3963	40	104
3964	48	104
3965	52	104
3966	53	104
3967	53	104
3968	56	104
3969	58	104
3970	60	104
3971	61	104
3972	62	104
3973	62	104
3974	59	104
3975	58	104
3976	62	104
3977	65	104
3978	64	104
3979	60	104
3980	58	104
3981	58	104
3982	57	104
3983	54	104
3984	52	104
3985	50	104
3986	47	104
3987	45	104
3988	49	104
3989	51	104
3990	49	104
3991	46	104
3992	45	104
3993	47	104
3994	48	104
3995	47	104
3996	47	104
3997	48	104
3998	52	104
3999	52	104
4000	58	104
4001	63	104
4002	62	104
4003	59	104
4004	59	104
4005	63	104
4006	65	104
4007	65	104
4008	63	104
4009	65	104
4010	65	104
4011	64	104
4012	65	104
4013	67	104
4014	64	104
4015	57	104
4016	55	104
4017	55	104
4018	54	104
4019	50	104
4020	46	104
4021	46	104
4022	46	104
4023	45	104
4024	44	104
4025	45	104
4026	42	104
4027	37	104
4028	37	104
4029	41	104
4030	44	104
4031	44	104
4032	44	104
4033	46	104
4034	49	104
4035	50	104
4036	51	104
4037	53	104
4038	54	104
4039	52	104
4040	54	104
4041	60	104
4042	64	104
4043	64	104
4044	63	104
4045	63	104
4046	65	104
4047	64	104
4048	62	104
4049	61	104
4050	59	104
4051	52	104
4052	53	104
4053	57	104
4054	56	104
4055	53	104
4056	49	104
4057	49	104
4058	50	104
4059	47	104
4060	45	104
4061	44	104
4062	43	104
4063	41	104
4064	42	104
4065	47	104
4066	47	104
4067	45	104
4068	44	104
4069	45	104
4070	47	104
4071	49	104
4072	50	104
4073	52	104
4074	55	104
4075	58	104
4076	60	104
4077	67	104
4078	71	104
4079	69	104
4080	65	104
4081	67	104
4082	69	104
4083	68	104
4084	62	104
4085	57	104
4086	53	104
4087	49	104
4088	44	104
4089	44	104
4090	43	104
4091	37	104
4092	32	104
4093	33	104
4094	36	104
4095	38	104
