Name=Mag (1)
X=Height, nm
Y=Mag, nA
0; 9,309
1,001; 9,379
2,002; 9,447
3,003; 9,524
4,004; 9,588
5,005; 9,658
6,006; 9,722
7,007; 9,789
8,008; 9,853
9,009; 9,922
10,01; 10
11,01; 10,06
12,01; 10,14
13,01; 10,2
14,01; 10,28
15,02; 10,35
16,02; 10,42
17,02; 10,49
18,02; 10,56
19,02; 10,62
20,02; 10,69
21,02; 10,76
22,02; 10,82
23,02; 10,9
24,02; 10,96
25,03; 11,04
26,03; 11,1
27,03; 11,17
28,03; 11,23
29,03; 11,3
30,03; 11,37
31,03; 11,45
32,03; 11,51
33,03; 11,59
34,03; 11,66
35,03; 11,72
36,04; 11,79
37,04; 11,85
38,04; 11,92
39,04; 11,99
40,04; 12,05
41,04; 12,12
42,04; 12,19
43,04; 12,26
44,04; 12,32
45,05; 12,39
46,05; 12,46
47,05; 12,53
48,05; 12,59
49,05; 12,67
50,05; 12,73
51,05; 12,8
52,05; 12,87
53,05; 12,93
54,05; 13
55,06; 13,07
56,06; 13,13
57,06; 13,2
58,06; 13,27
59,06; 13,33
60,06; 13,39
61,06; 13,46
62,06; 13,52
63,06; 13,59
64,06; 13,66
65,07; 13,72
66,07; 13,8
67,07; 13,86
68,07; 13,93
69,07; 14
70,07; 14,05
71,07; 14,12
72,07; 14,19
73,07; 14,25
74,07; 14,32
75,08; 14,38
76,08; 14,45
77,08; 14,52
78,08; 14,58
79,08; 14,65
80,08; 14,71
81,08; 14,78
82,08; 14,85
83,08; 14,92
84,08; 14,98
85,09; 15,04
86,09; 15,1
87,09; 15,16
88,09; 15,23
89,09; 15,29
90,09; 15,35
91,09; 15,42
92,09; 15,48
93,09; 15,54
94,09; 15,61
95,1; 15,67
96,1; 15,74
97,1; 15,8
98,1; 15,87
99,1; 15,93
100,1; 16
101,1; 16,06
102,1; 16,12
103,1; 16,18
104,1; 16,25
105,1; 16,31
106,1; 16,37
107,1; 16,43
108,1; 16,5
109,1; 16,56
110,1; 16,63
111,1; 16,69
112,1; 16,75
113,1; 16,83
114,1; 16,89
115,1; 16,96
116,1; 17,02
117,1; 17,08
118,1; 17,14
119,1; 17,2
120,1; 17,27
121,1; 17,33
122,1; 17,39
123,1; 17,45
124,1; 17,52
125,1; 17,57
126,1; 17,64
127,1; 17,7
128,1; 17,76
129,1; 17,82
130,1; 17,89
131,1; 17,96
132,1; 18,02
133,1; 18,08
134,1; 18,14
135,1; 18,2
136,1; 18,27
137,1; 18,33
138,1; 18,39
139,1; 18,44
140,1; 18,51
141,1; 18,57
142,1; 18,63
143,1; 18,69
144,1; 18,75
145,1; 18,82
146,1; 18,88
147,1; 18,95
148,1; 19,01
149,1; 19,07
150,2; 19,13
151,2; 19,18
152,2; 19,24
153,2; 19,3
154,2; 19,37
155,2; 19,42
156,2; 19,48
157,2; 19,55
158,2; 19,6
159,2; 19,66
160,2; 19,72
161,2; 19,78
162,2; 19,84
163,2; 19,9
164,2; 19,96
165,2; 20,02
166,2; 20,08
167,2; 20,14
168,2; 20,19
169,2; 20,25
170,2; 20,32
171,2; 20,37
172,2; 20,43
173,2; 20,49
174,2; 20,54
175,2; 20,6
176,2; 20,66
177,2; 20,72
178,2; 20,78
179,2; 20,84
180,2; 20,9
181,2; 20,96
182,2; 21,02
183,2; 21,07
184,2; 21,12
185,2; 21,18
186,2; 21,24
187,2; 21,3
188,2; 21,35
189,2; 21,41
190,2; 21,47
191,2; 21,53
192,2; 21,58
193,2; 21,64
194,2; 21,7
195,2; 21,75
196,2; 21,82
197,2; 21,87
198,2; 21,93
199,2; 21,99
200,2; 22,04
201,2; 22,09
202,2; 22,15
203,2; 22,21
204,2; 22,26
205,2; 22,32
206,2; 22,37
207,2; 22,42
208,2; 22,48
209,2; 22,53
210,2; 22,59
211,2; 22,65
212,2; 22,71
213,2; 22,76
214,2; 22,82
215,2; 22,88
216,2; 22,93
217,2; 22,98
218,2; 23,03
219,2; 23,09
220,2; 23,14
221,2; 23,2
222,2; 23,25
223,2; 23,3
224,2; 23,35
225,2; 23,41
226,2; 23,46
227,2; 23,52
228,2; 23,57
229,2; 23,63
230,2; 23,68
231,2; 23,74
232,2; 23,79
233,2; 23,84
234,2; 23,89
235,2; 23,95
236,2; 24
237,2; 24,05
238,2; 24,11
239,2; 24,16
240,2; 24,21
241,2; 24,27
242,2; 24,32
243,2; 24,38
244,2; 24,43
245,2; 24,49
246,2; 24,54
247,2; 24,6
248,2; 24,65
249,2; 24,7
250,3; 24,75
251,3; 24,8
252,3; 24,85
253,3; 24,9
254,3; 24,95
255,3; 25
256,3; 25,06
257,3; 25,11
258,3; 25,16
259,3; 25,21
260,3; 25,26
261,3; 25,32
262,3; 25,37
263,3; 25,42
264,3; 25,47
265,3; 25,53
266,3; 25,57
267,3; 25,63
268,3; 25,68
269,3; 25,73
270,3; 25,77
271,3; 25,83
272,3; 25,87
273,3; 25,93
274,3; 25,97
275,3; 26,03
276,3; 26,08
277,3; 26,13
278,3; 26,19
279,3; 26,24
280,3; 26,29
281,3; 26,33
282,3; 26,38
283,3; 26,43
284,3; 26,48
285,3; 26,53
286,3; 26,57
287,3; 26,62
288,3; 26,67
289,3; 26,72
290,3; 26,77
291,3; 26,82
292,3; 26,87
293,3; 26,92
294,3; 26,97
295,3; 27,02
296,3; 27,07
297,3; 27,12
298,3; 27,16
299,3; 27,21
300,3; 27,26
301,3; 27,31
302,3; 27,36
303,3; 27,4
304,3; 27,46
305,3; 27,5
306,3; 27,55
307,3; 27,59
308,3; 27,65
309,3; 27,69
310,3; 27,75
311,3; 27,8
312,3; 27,84
313,3; 27,89
314,3; 27,94
315,3; 27,99
316,3; 28,03
317,3; 28,07
318,3; 28,12
319,3; 28,17
320,3; 28,21
321,3; 28,25
322,3; 28,3
323,3; 28,35
324,3; 28,4
325,3; 28,44
326,3; 28,49
327,3; 28,54
328,3; 28,58
329,3; 28,63
330,3; 28,68
331,3; 28,72
332,3; 28,76
333,3; 28,8
334,3; 28,86
335,3; 28,9
336,3; 28,95
337,3; 29
338,3; 29,04
339,3; 29,08
340,3; 29,13
341,3; 29,17
342,3; 29,22
343,3; 29,27
344,3; 29,31
345,3; 29,36
346,3; 29,41
347,3; 29,45
348,3; 29,49
349,3; 29,54
350,3; 29,58
351,4; 29,63
352,4; 29,66
353,4; 29,71
354,4; 29,75
355,4; 29,8
356,4; 29,84
357,4; 29,89
358,4; 29,93
359,4; 29,98
360,4; 30,03
361,4; 30,07
362,4; 30,11
363,4; 30,15
364,4; 30,19
365,4; 30,23
366,4; 30,27
367,4; 30,32
368,4; 30,36
369,4; 30,41
370,4; 30,45
371,4; 30,49
372,4; 30,53
373,4; 30,57
374,4; 30,62
375,4; 30,66
376,4; 30,7
377,4; 30,75
378,4; 30,79
379,4; 30,83
380,4; 30,87
381,4; 30,92
382,4; 30,95
383,4; 30,99
384,4; 31,03
385,4; 31,07
386,4; 31,11
387,4; 31,16
388,4; 31,2
389,4; 31,24
390,4; 31,28
391,4; 31,32
392,4; 31,36
393,4; 31,41
394,4; 31,45
395,4; 31,48
396,4; 31,52
397,4; 31,56
398,4; 31,6
399,4; 31,65
400,4; 31,68
401,4; 31,71
402,4; 31,76
403,4; 31,8
404,4; 31,84
405,4; 31,88
406,4; 31,91
407,4; 31,96
408,4; 32
409,4; 32,04
410,4; 32,08
411,4; 32,11
412,4; 32,15
413,4; 32,19
414,4; 32,23
415,4; 32,27
416,4; 32,3
417,4; 32,34
418,4; 32,37
419,4; 32,4
420,4; 32,45
421,4; 32,49
422,4; 32,53
423,4; 32,56
424,4; 32,6
425,4; 32,65
426,4; 32,68
427,4; 32,72
428,4; 32,75
429,4; 32,79
430,4; 32,83
431,4; 32,86
432,4; 32,91
433,4; 32,94
434,4; 32,98
435,4; 33,02
436,4; 33,06
437,4; 33,09
438,4; 33,14
439,4; 33,17
440,4; 33,21
441,4; 33,25
442,4; 33,29
443,4; 33,32
444,4; 33,36
445,4; 33,4
446,4; 33,44
447,4; 33,48
448,4; 33,48
449,4; 33,46
450,5; 33,47
451,5; 33,49
452,5; 33,52
453,5; 33,56
454,5; 33,59
455,5; 33,62
456,5; 33,66
457,5; 33,7
458,5; 33,73
459,5; 33,77
460,5; 33,8
461,5; 33,83
462,5; 33,86
463,5; 33,9
464,5; 33,93
465,5; 33,97
466,5; 33,99
467,5; 34,03
468,5; 34,06
469,5; 34,08
470,5; 34,08
471,5; 34,08
472,5; 34,08
473,5; 34,09
474,5; 34,09
475,5; 34,09
476,5; 34,09
477,5; 34,09
478,5; 34,09
479,5; 34,09
480,5; 34,09
481,5; 34,1
482,5; 34,1
483,5; 34,09
484,5; 34,09
485,5; 34,1
486,5; 34,1
487,5; 34,1
488,5; 34,09
489,5; 34,1
490,5; 34,1
491,5; 34,1
492,5; 34,1
493,5; 34,1
494,5; 34,1
495,5; 34,1
496,5; 34,1
497,5; 34,11
498,5; 34,1
499,5; 34,1
500,5; 34,11
501,5; 34,12
502,5; 34,11
503,5; 34,11
504,5; 34,12
505,5; 34,12
506,5; 34,12
507,5; 34,12
508,5; 34,12
509,5; 34,12
510,5; 34,12
511,5; 34,12
512,5; 34,12
513,5; 34,12
514,5; 34,13
515,5; 34,13
516,5; 34,12
517,5; 34,13
518,5; 34,13
519,5; 34,13
520,5; 34,13
521,5; 34,13
522,5; 34,13
523,5; 34,14
524,5; 34,13
525,5; 34,13
526,5; 34,13
527,5; 34,13
528,5; 34,13
529,5; 34,13
530,5; 34,14
531,5; 34,14
532,5; 34,13
533,5; 34,14
534,5; 34,14
535,5; 34,14
536,5; 34,14
537,5; 34,14
538,5; 34,14
539,5; 34,15
540,5; 34,14
541,5; 34,15
542,5; 34,15
543,5; 34,15
544,5; 34,15
545,5; 34,15
546,5; 34,15
547,5; 34,15
548,5; 34,15
549,5; 34,15
550,6; 34,15
551,6; 34,16
552,6; 34,16
553,6; 34,16
554,6; 34,16
555,6; 34,16
556,6; 34,16
557,6; 34,16
558,6; 34,16
559,6; 34,16
560,6; 34,16
561,6; 34,16
562,6; 34,16
563,6; 34,16
564,6; 34,16
565,6; 34,16
566,6; 34,16
567,6; 34,17
568,6; 34,17
569,6; 34,17
570,6; 34,18
571,6; 34,17
572,6; 34,18
573,6; 34,18
574,6; 34,18
575,6; 34,18
576,6; 34,17
577,6; 34,18
578,6; 34,18
579,6; 34,19
580,6; 34,18
581,6; 34,18
582,6; 34,18
583,6; 34,18
584,6; 34,19
585,6; 34,19
586,6; 34,19
587,6; 34,19
588,6; 34,19
589,6; 34,19
590,6; 34,19
591,6; 34,19
592,6; 34,19
593,6; 34,19
594,6; 34,19
595,6; 34,19
596,6; 34,2
597,6; 34,19
598,6; 34,19
599,6; 34,2
600,6; 34,2
601,6; 34,2
602,6; 34,2
603,6; 34,2
604,6; 34,2
605,6; 34,21
606,6; 34,21
607,6; 34,2
608,6; 34,21
609,6; 34,21
610,6; 34,21
611,6; 34,21
612,6; 34,21
613,6; 34,21
614,6; 34,21
615,6; 34,21
616,6; 34,21
617,6; 34,22
618,6; 34,22
619,6; 34,21
620,6; 34,21
621,6; 34,22
622,6; 34,22
623,6; 34,22
624,6; 34,22
625,6; 34,22
626,6; 34,22
627,6; 34,22
628,6; 34,22
629,6; 34,23
630,6; 34,23
631,6; 34,22
632,6; 34,23
633,6; 34,23
634,6; 34,23
635,6; 34,23
636,6; 34,23
637,6; 34,23
638,6; 34,23
639,6; 34,23
640,6; 34,23
641,6; 34,23
642,6; 34,24
643,6; 34,23
644,6; 34,24
645,6; 34,24
646,6; 34,24
647,6; 34,23
648,6; 34,24
649,6; 34,24
650,7; 34,24
651,7; 34,24
652,7; 34,24
653,7; 34,24
654,7; 34,24
655,7; 34,24
656,7; 34,25
657,7; 34,24
658,7; 34,24
659,7; 34,24
660,7; 34,24
661,7; 34,25
662,7; 34,25
663,7; 34,24
664,7; 34,25
665,7; 34,25
666,7; 34,25
667,7; 34,26
668,7; 34,26
669,7; 34,26
670,7; 34,26
671,7; 34,26
672,7; 34,26
673,7; 34,26
674,7; 34,26
675,7; 34,27
676,7; 34,26
677,7; 34,26
678,7; 34,26
679,7; 34,26
680,7; 34,26
681,7; 34,26
682,7; 34,26
683,7; 34,27
684,7; 34,26
685,7; 34,27
686,7; 34,27
687,7; 34,27
688,7; 34,27
689,7; 34,27
690,7; 34,27
691,7; 34,27
692,7; 34,26
693,7; 34,27
694,7; 34,27
695,7; 34,27
696,7; 34,27
697,7; 34,27
698,7; 34,28
699,7; 34,28
700,7; 34,28
701,7; 34,28
702,7; 34,28
703,7; 34,28
704,7; 34,28
705,7; 34,28
706,7; 34,28
707,7; 34,28
708,7; 34,29
709,7; 34,29
710,7; 34,29
711,7; 34,28
712,7; 34,28
713,7; 34,28
714,7; 34,29
715,7; 34,29
716,7; 34,29
717,7; 34,29
718,7; 34,29
719,7; 34,29
720,7; 34,29
721,7; 34,3
722,7; 34,29
723,7; 34,3
724,7; 34,29
725,7; 34,29
726,7; 34,29
727,7; 34,3
728,7; 34,29
729,7; 34,29
730,7; 34,3
731,7; 34,3
732,7; 34,3
733,7; 34,3
734,7; 34,3
735,7; 34,3
736,7; 34,3
737,7; 34,31
738,7; 34,31
739,7; 34,31
740,7; 34,31
741,7; 34,31
742,7; 34,31
743,7; 34,31
744,7; 34,31
745,7; 34,3
746,7; 34,31
747,7; 34,31
748,7; 34,32
749,7; 34,31
750,8; 34,31
751,8; 34,31
752,8; 34,32
753,8; 34,31
754,8; 34,31
755,8; 34,31
756,8; 34,32
757,8; 34,31
758,8; 34,31
759,8; 34,32
760,8; 34,32
761,8; 34,32
762,8; 34,32
763,8; 34,32
764,8; 34,32
765,8; 34,33
766,8; 34,32
767,8; 34,33
768,8; 34,33
769,8; 34,33
770,8; 34,33
771,8; 34,33
772,8; 34,33
773,8; 34,33
774,8; 34,33
775,8; 34,33
776,8; 34,33
777,8; 34,33
778,8; 34,33
779,8; 34,33
780,8; 34,33
781,8; 34,34
782,8; 34,33
783,8; 34,33
784,8; 34,34
785,8; 34,34
786,8; 34,34
787,8; 34,34
788,8; 34,34
789,8; 34,34
790,8; 34,33
791,8; 34,34
792,8; 34,34
793,8; 34,34
794,8; 34,34
795,8; 34,33
796,8; 34,34
797,8; 34,35
798,8; 34,35
799,8; 34,35
800,8; 34,35
801,8; 34,35
802,8; 34,35
803,8; 34,35
804,8; 34,35
805,8; 34,35
806,8; 34,35
807,8; 34,35
808,8; 34,35
809,8; 34,35
810,8; 34,35
811,8; 34,35
812,8; 34,35
813,8; 34,35
814,8; 34,36
815,8; 34,35
816,8; 34,36
817,8; 34,36
818,8; 34,36
819,8; 34,36
820,8; 34,36
821,8; 34,36
822,8; 34,36
823,8; 34,36
824,8; 34,36
825,8; 34,37
826,8; 34,37
827,8; 34,36
828,8; 34,36
829,8; 34,36
830,8; 34,37
831,8; 34,37
832,8; 34,37
833,8; 34,38
834,8; 34,38
835,8; 34,38
836,8; 34,37
837,8; 34,38
838,8; 34,38
839,8; 34,38
840,8; 34,38
841,8; 34,38
842,8; 34,38
843,8; 34,37
844,8; 34,38
845,8; 34,38
846,8; 34,38
847,8; 34,38
848,8; 34,38
849,8; 34,39
850,9; 34,38
851,9; 34,39
852,9; 34,39
853,9; 34,39
854,9; 34,39
855,9; 34,39
856,9; 34,39
857,9; 34,38
858,9; 34,39
859,9; 34,39
860,9; 34,39
861,9; 34,38
862,9; 34,39
863,9; 34,39
864,9; 34,39
865,9; 34,39
866,9; 34,39
867,9; 34,4
868,9; 34,4
869,9; 34,39
870,9; 34,39
871,9; 34,4
872,9; 34,4
873,9; 34,4
874,9; 34,4
875,9; 34,4
876,9; 34,4
877,9; 34,4
878,9; 34,41
879,9; 34,4
880,9; 34,4
881,9; 34,4
882,9; 34,41
883,9; 34,41
884,9; 34,4
885,9; 34,41
886,9; 34,41
887,9; 34,41
888,9; 34,41
889,9; 34,41
890,9; 34,41
891,9; 34,41
892,9; 34,41
893,9; 34,41
894,9; 34,41
895,9; 34,41
896,9; 34,41
897,9; 34,41
898,9; 34,42
899,9; 34,42
900,9; 34,42
901,9; 34,42
902,9; 34,42
903,9; 34,42
904,9; 34,43
905,9; 34,43
906,9; 34,42
907,9; 34,42
908,9; 34,42
909,9; 34,42
910,9; 34,42
911,9; 34,42
912,9; 34,43
913,9; 34,43
914,9; 34,43
915,9; 34,43
916,9; 34,43
917,9; 34,44
918,9; 34,44
919,9; 34,44
920,9; 34,44
921,9; 34,44
922,9; 34,43
923,9; 34,43
924,9; 34,43
925,9; 34,44
926,9; 34,44
927,9; 34,44
928,9; 34,44
929,9; 34,43
930,9; 34,44
931,9; 34,44
932,9; 34,44
933,9; 34,44
934,9; 34,44
935,9; 34,44
936,9; 34,45
937,9; 34,44
938,9; 34,44
939,9; 34,44
940,9; 34,44
941,9; 34,45
942,9; 34,45
943,9; 34,45
944,9; 34,44
945,9; 34,45
946,9; 34,45
947,9; 34,46
948,9; 34,46
949,9; 34,45
951; 34,45
952; 34,45
953; 34,46
954; 34,46
955; 34,46
956; 34,46
957; 34,45
958; 34,45
959; 34,46
960; 34,46
961; 34,46
962; 34,46
963; 34,46
964; 34,46
965; 34,46
966; 34,46
967; 34,46
968; 34,46
969; 34,46
970; 34,46
971; 34,46
972; 34,46
973; 34,47
974; 34,47
975; 34,47
976; 34,47
977; 34,47
978; 34,47
979; 34,47
980; 34,48
981; 34,47
982; 34,48
983; 34,48
984; 34,48
985; 34,48
986; 34,48
987; 34,48
988; 34,48
989; 34,48
990; 34,48
991; 34,48
992; 34,48
993; 34,48
994; 34,49
995; 34,48
996; 34,48
997; 34,49
998; 34,49
999; 34,49
1000; 34,49


Name=Mag (2)
X=Height, nm
Y=Mag, nA
0; 8,538
1,001; 8,578
2,002; 8,63
3,003; 8,688
4,004; 8,741
5,005; 8,794
6,006; 8,848
7,007; 8,907
8,008; 8,959
9,009; 9,02
10,01; 9,077
11,01; 9,133
12,01; 9,191
13,01; 9,251
14,01; 9,301
15,02; 9,353
16,02; 9,403
17,02; 9,451
18,02; 9,507
19,02; 9,566
20,02; 9,624
21,02; 9,682
22,02; 9,737
23,02; 9,794
24,02; 9,849
25,03; 9,908
26,03; 9,971
27,03; 10,02
28,03; 10,08
29,03; 10,12
30,03; 10,18
31,03; 10,24
32,03; 10,29
33,03; 10,34
34,03; 10,39
35,03; 10,45
36,04; 10,51
37,04; 10,57
38,04; 10,62
39,04; 10,68
40,04; 10,73
41,04; 10,78
42,04; 10,85
43,04; 10,9
44,04; 10,96
45,05; 11,01
46,05; 11,07
47,05; 11,12
48,05; 11,17
49,05; 11,23
50,05; 11,28
51,05; 11,34
52,05; 11,39
53,05; 11,45
54,05; 11,5
55,06; 11,56
56,06; 11,62
57,06; 11,67
58,06; 11,73
59,06; 11,79
60,06; 11,85
61,06; 11,91
62,06; 11,96
63,06; 12,01
64,06; 12,06
65,07; 12,11
66,07; 12,17
67,07; 12,23
68,07; 12,28
69,07; 12,33
70,07; 12,39
71,07; 12,45
72,07; 12,51
73,07; 12,55
74,07; 12,61
75,08; 12,67
76,08; 12,73
77,08; 12,78
78,08; 12,84
79,08; 12,89
80,08; 12,94
81,08; 13
82,08; 13,05
83,08; 13,1
84,08; 13,16
85,09; 13,21
86,09; 13,27
87,09; 13,33
88,09; 13,38
89,09; 13,44
90,09; 13,49
91,09; 13,55
92,09; 13,61
93,09; 13,66
94,09; 13,72
95,1; 13,77
96,1; 13,82
97,1; 13,87
98,1; 13,93
99,1; 13,98
100,1; 14,04
101,1; 14,09
102,1; 14,15
103,1; 14,21
104,1; 14,26
105,1; 14,32
106,1; 14,37
107,1; 14,43
108,1; 14,48
109,1; 14,54
110,1; 14,59
111,1; 14,65
112,1; 14,7
113,1; 14,75
114,1; 14,81
115,1; 14,86
116,1; 14,92
117,1; 14,97
118,1; 15,02
119,1; 15,07
120,1; 15,13
121,1; 15,18
122,1; 15,24
123,1; 15,3
124,1; 15,35
125,1; 15,41
126,1; 15,46
127,1; 15,52
128,1; 15,57
129,1; 15,62
130,1; 15,67
131,1; 15,71
132,1; 15,77
133,1; 15,83
134,1; 15,88
135,1; 15,94
136,1; 15,98
137,1; 16,05
138,1; 16,1
139,1; 16,15
140,1; 16,21
141,1; 16,26
142,1; 16,32
143,1; 16,38
144,1; 16,42
145,1; 16,48
146,1; 16,53
147,1; 16,58
148,1; 16,63
149,1; 16,69
150,2; 16,74
151,2; 16,79
152,2; 16,85
153,2; 16,9
154,2; 16,96
155,2; 17,02
156,2; 17,07
157,2; 17,13
158,2; 17,19
159,2; 17,24
160,2; 17,3
161,2; 17,34
162,2; 17,39
163,2; 17,44
164,2; 17,49
165,2; 17,55
166,2; 17,61
167,2; 17,67
168,2; 17,71
169,2; 17,77
170,2; 17,82
171,2; 17,88
172,2; 17,94
173,2; 17,98
174,2; 18,04
175,2; 18,1
176,2; 18,15
177,2; 18,2
178,2; 18,25
179,2; 18,3
180,2; 18,35
181,2; 18,41
182,2; 18,46
183,2; 18,52
184,2; 18,56
185,2; 18,62
186,2; 18,67
187,2; 18,73
188,2; 18,78
189,2; 18,84
190,2; 18,89
191,2; 18,95
192,2; 19,01
193,2; 19,06
194,2; 19,1
195,2; 19,15
196,2; 19,2
197,2; 19,25
198,2; 19,31
199,2; 19,36
200,2; 19,42
201,2; 19,47
202,2; 19,52
203,2; 19,58
204,2; 19,63
205,2; 19,69
206,2; 19,74
207,2; 19,79
208,2; 19,84
209,2; 19,89
210,2; 19,94
211,2; 20
212,2; 20,04
213,2; 20,09
214,2; 20,15
215,2; 20,2
216,2; 20,25
217,2; 20,3
218,2; 20,35
219,2; 20,4
220,2; 20,45
221,2; 20,51
222,2; 20,56
223,2; 20,62
224,2; 20,67
225,2; 20,72
226,2; 20,77
227,2; 20,82
228,2; 20,86
229,2; 20,92
230,2; 20,96
231,2; 21,02
232,2; 21,06
233,2; 21,12
234,2; 21,17
235,2; 21,22
236,2; 21,27
237,2; 21,33
238,2; 21,38
239,2; 21,43
240,2; 21,48
241,2; 21,53
242,2; 21,58
243,2; 21,63
244,2; 21,68
245,2; 21,72
246,2; 21,77
247,2; 21,82
248,2; 21,87
249,2; 21,93
250,3; 21,98
251,3; 22,03
252,3; 22,08
253,3; 22,13
254,3; 22,18
255,3; 22,23
256,3; 22,29
257,3; 22,33
258,3; 22,39
259,3; 22,44
260,3; 22,48
261,3; 22,53
262,3; 22,57
263,3; 22,63
264,3; 22,68
265,3; 22,73
266,3; 22,78
267,3; 22,82
268,3; 22,88
269,3; 22,93
270,3; 22,98
271,3; 23,03
272,3; 23,08
273,3; 23,13
274,3; 23,18
275,3; 23,22
276,3; 23,27
277,3; 23,32
278,3; 23,36
279,3; 23,41
280,3; 23,46
281,3; 23,51
282,3; 23,56
283,3; 23,61
284,3; 23,66
285,3; 23,7
286,3; 23,75
287,3; 23,8
288,3; 23,85
289,3; 23,9
290,3; 23,95
291,3; 24
292,3; 24,05
293,3; 24,09
294,3; 24,14
295,3; 24,18
296,3; 24,23
297,3; 24,28
298,3; 24,33
299,3; 24,38
300,3; 24,43
301,3; 24,48
302,3; 24,53
303,3; 24,58
304,3; 24,63
305,3; 24,68
306,3; 24,72
307,3; 24,77
308,3; 24,81
309,3; 24,86
310,3; 24,91
311,3; 24,95
312,3; 25
313,3; 25,05
314,3; 25,1
315,3; 25,15
316,3; 25,19
317,3; 25,24
318,3; 25,28
319,3; 25,34
320,3; 25,38
321,3; 25,43
322,3; 25,48
323,3; 25,52
324,3; 25,58
325,3; 25,63
326,3; 25,66
327,3; 25,71
328,3; 25,76
329,3; 25,8
330,3; 25,85
331,3; 25,9
332,3; 25,94
333,3; 26
334,3; 26,04
335,3; 26,09
336,3; 26,14
337,3; 26,18
338,3; 26,23
339,3; 26,27
340,3; 26,32
341,3; 26,36
342,3; 26,41
343,3; 26,45
344,3; 26,49
345,3; 26,54
346,3; 26,59
347,3; 26,63
348,3; 26,68
349,3; 26,73
350,3; 26,78
351,4; 26,82
352,4; 26,86
353,4; 26,91
354,4; 26,96
355,4; 27,01
356,4; 27,05
357,4; 27,1
358,4; 27,14
359,4; 27,18
360,4; 27,23
361,4; 27,27
362,4; 27,32
363,4; 27,36
364,4; 27,41
365,4; 27,45
366,4; 27,5
367,4; 27,55
368,4; 27,59
369,4; 27,65
370,4; 27,69
371,4; 27,74
372,4; 27,78
373,4; 27,82
374,4; 27,87
375,4; 27,91
376,4; 27,95
377,4; 27,99
378,4; 28,04
379,4; 28,08
380,4; 28,13
381,4; 28,17
382,4; 28,22
383,4; 28,26
384,4; 28,31
385,4; 28,35
386,4; 28,39
387,4; 28,44
388,4; 28,49
389,4; 28,53
390,4; 28,58
391,4; 28,61
392,4; 28,66
393,4; 28,7
394,4; 28,74
395,4; 28,78
396,4; 28,82
397,4; 28,87
398,4; 28,92
399,4; 28,96
400,4; 29
401,4; 29,05
402,4; 29,09
403,4; 29,14
404,4; 29,18
405,4; 29,23
406,4; 29,26
407,4; 29,3
408,4; 29,34
409,4; 29,38
410,4; 29,43
411,4; 29,47
412,4; 29,52
413,4; 29,55
414,4; 29,6
415,4; 29,64
416,4; 29,69
417,4; 29,72
418,4; 29,77
419,4; 29,81
420,4; 29,86
421,4; 29,9
422,4; 29,95
423,4; 29,98
424,4; 30,02
425,4; 30,07
426,4; 30,11
427,4; 30,15
428,4; 30,19
429,4; 30,23
430,4; 30,27
431,4; 30,32
432,4; 30,36
433,4; 30,41
434,4; 30,44
435,4; 30,49
436,4; 30,53
437,4; 30,57
438,4; 30,61
439,4; 30,65
440,4; 30,69
441,4; 30,73
442,4; 30,76
443,4; 30,81
444,4; 30,85
445,4; 30,89
446,4; 30,92
447,4; 30,97
448,4; 31,01
449,4; 31,05
450,5; 31,08
451,5; 31,13
452,5; 31,17
453,5; 31,21
454,5; 31,25
455,5; 31,29
456,5; 31,33
457,5; 31,37
458,5; 31,41
459,5; 31,45
460,5; 31,49
461,5; 31,52
462,5; 31,56
463,5; 31,6
464,5; 31,64
465,5; 31,69
466,5; 31,72
467,5; 31,76
468,5; 31,81
469,5; 31,84
470,5; 31,88
471,5; 31,92
472,5; 31,95
473,5; 31,99
474,5; 32,04
475,5; 32,07
476,5; 32,11
477,5; 32,14
478,5; 32,18
479,5; 32,22
480,5; 32,26
481,5; 32,29
482,5; 32,34
483,5; 32,36
484,5; 32,41
485,5; 32,44
486,5; 32,49
487,5; 32,52
488,5; 32,56
489,5; 32,59
490,5; 32,63
491,5; 32,67
492,5; 32,71
493,5; 32,74
494,5; 32,78
495,5; 32,81
496,5; 32,85
497,5; 32,88
498,5; 32,93
499,5; 32,96
500,5; 33
501,5; 33,03
502,5; 33,08
503,5; 33,11
504,5; 33,15
505,5; 33,19
506,5; 33,22
507,5; 33,25
508,5; 33,29
509,5; 33,32
510,5; 33,36
511,5; 33,39
512,5; 33,44
513,5; 33,47
514,5; 33,51
515,5; 33,54
516,5; 33,58
517,5; 33,62
518,5; 33,66
519,5; 33,69
520,5; 33,73
521,5; 33,76
522,5; 33,79
523,5; 33,83
524,5; 33,87
525,5; 33,89
526,5; 33,94
527,5; 33,95
528,5; 33,98
529,5; 33,99
530,5; 33,94
531,5; 33,93
532,5; 33,96
533,5; 33,99
534,5; 34,03
535,5; 34,05
536,5; 34,07
537,5; 34,07
538,5; 34,08
539,5; 34,08
540,5; 34,08
541,5; 34,08
542,5; 34,09
543,5; 34,09
544,5; 34,08
545,5; 34,09
546,5; 34,09
547,5; 34,09
548,5; 34,09
549,5; 34,08
550,6; 34,09
551,6; 34,09
552,6; 34,09
553,6; 34,1
554,6; 34,1
555,6; 34,1
556,6; 34,1
557,6; 34,1
558,6; 34,1
559,6; 34,1
560,6; 34,1
561,6; 34,1
562,6; 34,11
563,6; 34,11
564,6; 34,11
565,6; 34,11
566,6; 34,11
567,6; 34,11
568,6; 34,11
569,6; 34,11
570,6; 34,11
571,6; 34,11
572,6; 34,12
573,6; 34,12
574,6; 34,12
575,6; 34,12
576,6; 34,12
577,6; 34,11
578,6; 34,12
579,6; 34,12
580,6; 34,12
581,6; 34,12
582,6; 34,12
583,6; 34,12
584,6; 34,12
585,6; 34,12
586,6; 34,13
587,6; 34,12
588,6; 34,13
589,6; 34,13
590,6; 34,13
591,6; 34,13
592,6; 34,13
593,6; 34,13
594,6; 34,13
595,6; 34,13
596,6; 34,13
597,6; 34,14
598,6; 34,15
599,6; 34,14
600,6; 34,14
601,6; 34,14
602,6; 34,14
603,6; 34,14
604,6; 34,15
605,6; 34,15
606,6; 34,14
607,6; 34,15
608,6; 34,15
609,6; 34,14
610,6; 34,14
611,6; 34,15
612,6; 34,15
613,6; 34,15
614,6; 34,14
615,6; 34,15
616,6; 34,15
617,6; 34,15
618,6; 34,15
619,6; 34,15
620,6; 34,16
621,6; 34,15
622,6; 34,16
623,6; 34,16
624,6; 34,16
625,6; 34,15
626,6; 34,16
627,6; 34,17
628,6; 34,17
629,6; 34,17
630,6; 34,17
631,6; 34,17
632,6; 34,17
633,6; 34,17
634,6; 34,17
635,6; 34,18
636,6; 34,18
637,6; 34,18
638,6; 34,17
639,6; 34,17
640,6; 34,17
641,6; 34,18
642,6; 34,17
643,6; 34,18
644,6; 34,18
645,6; 34,18
646,6; 34,18
647,6; 34,18
648,6; 34,18
649,6; 34,18
650,7; 34,19
651,7; 34,19
652,7; 34,19
653,7; 34,19
654,7; 34,19
655,7; 34,19
656,7; 34,19
657,7; 34,19
658,7; 34,19
659,7; 34,2
660,7; 34,2
661,7; 34,2
662,7; 34,2
663,7; 34,2
664,7; 34,2
665,7; 34,2
666,7; 34,2
667,7; 34,21
668,7; 34,2
669,7; 34,21
670,7; 34,21
671,7; 34,21
672,7; 34,21
673,7; 34,21
674,7; 34,21
675,7; 34,21
676,7; 34,21
677,7; 34,21
678,7; 34,21
679,7; 34,21
680,7; 34,21
681,7; 34,21
682,7; 34,21
683,7; 34,21
684,7; 34,21
685,7; 34,21
686,7; 34,22
687,7; 34,22
688,7; 34,22
689,7; 34,22
690,7; 34,22
691,7; 34,22
692,7; 34,22
693,7; 34,23
694,7; 34,23
695,7; 34,23
696,7; 34,23
697,7; 34,23
698,7; 34,23
699,7; 34,23
700,7; 34,23
701,7; 34,23
702,7; 34,24
703,7; 34,24
704,7; 34,24
705,7; 34,24
706,7; 34,24
707,7; 34,24
708,7; 34,23
709,7; 34,24
710,7; 34,24
711,7; 34,24
712,7; 34,24
713,7; 34,24
714,7; 34,24
715,7; 34,24
716,7; 34,24
717,7; 34,24
718,7; 34,24
719,7; 34,24
720,7; 34,25
721,7; 34,25
722,7; 34,25
723,7; 34,24
724,7; 34,25
725,7; 34,26
726,7; 34,25
727,7; 34,26
728,7; 34,26
729,7; 34,26
730,7; 34,26
731,7; 34,26
732,7; 34,26
733,7; 34,26
734,7; 34,26
735,7; 34,26
736,7; 34,26
737,7; 34,26
738,7; 34,27
739,7; 34,27
740,7; 34,26
741,7; 34,26
742,7; 34,26
743,7; 34,27
744,7; 34,27
745,7; 34,27
746,7; 34,27
747,7; 34,26
748,7; 34,27
749,7; 34,27
750,8; 34,27
751,8; 34,27
752,8; 34,27
753,8; 34,28
754,8; 34,28
755,8; 34,27
756,8; 34,28
757,8; 34,28
758,8; 34,28
759,8; 34,28
760,8; 34,28
761,8; 34,28
762,8; 34,28
763,8; 34,29
764,8; 34,28
765,8; 34,29
766,8; 34,29
767,8; 34,29
768,8; 34,29
769,8; 34,29
770,8; 34,29
771,8; 34,29
772,8; 34,29
773,8; 34,29
774,8; 34,29
775,8; 34,29
776,8; 34,29
777,8; 34,28
778,8; 34,29
779,8; 34,29
780,8; 34,29
781,8; 34,29
782,8; 34,3
783,8; 34,29
784,8; 34,29
785,8; 34,3
786,8; 34,3
787,8; 34,3
788,8; 34,3
789,8; 34,3
790,8; 34,3
791,8; 34,31
792,8; 34,31
793,8; 34,31
794,8; 34,31
795,8; 34,31
796,8; 34,31
797,8; 34,31
798,8; 34,31
799,8; 34,31
800,8; 34,32
801,8; 34,31
802,8; 34,32
803,8; 34,32
804,8; 34,32
805,8; 34,32
806,8; 34,31
807,8; 34,32
808,8; 34,32
809,8; 34,32
810,8; 34,32
811,8; 34,31
812,8; 34,32
813,8; 34,32
814,8; 34,32
815,8; 34,32
816,8; 34,32
817,8; 34,32
818,8; 34,33
819,8; 34,33
820,8; 34,33
821,8; 34,32
822,8; 34,33
823,8; 34,33
824,8; 34,33
825,8; 34,33
826,8; 34,34
827,8; 34,33
828,8; 34,33
829,8; 34,33
830,8; 34,34
831,8; 34,34
832,8; 34,34
833,8; 34,34
834,8; 34,34
835,8; 34,34
836,8; 34,34
837,8; 34,34
838,8; 34,35
839,8; 34,34
840,8; 34,34
841,8; 34,34
842,8; 34,34
843,8; 34,34
844,8; 34,35
845,8; 34,34
846,8; 34,35
847,8; 34,35
848,8; 34,35
849,8; 34,35
850,9; 34,35
851,9; 34,35
852,9; 34,35
853,9; 34,36
854,9; 34,35
855,9; 34,36
856,9; 34,36
857,9; 34,36
858,9; 34,36
859,9; 34,36
860,9; 34,36
861,9; 34,36
862,9; 34,36
863,9; 34,36
864,9; 34,37
865,9; 34,37
866,9; 34,37
867,9; 34,37
868,9; 34,37
869,9; 34,37
870,9; 34,37
871,9; 34,37
872,9; 34,37
873,9; 34,37
874,9; 34,37
875,9; 34,37
876,9; 34,36
877,9; 34,37
878,9; 34,37
879,9; 34,38
880,9; 34,38
881,9; 34,38
882,9; 34,38
883,9; 34,38
884,9; 34,38
885,9; 34,38
886,9; 34,38
887,9; 34,38
888,9; 34,39
889,9; 34,39
890,9; 34,39
891,9; 34,39
892,9; 34,39
893,9; 34,39
894,9; 34,4
895,9; 34,4
896,9; 34,4
897,9; 34,4
898,9; 34,39
899,9; 34,4
900,9; 34,39
901,9; 34,4
902,9; 34,4
903,9; 34,4
904,9; 34,39
905,9; 34,39
906,9; 34,4
907,9; 34,39
908,9; 34,39
909,9; 34,39
910,9; 34,4
911,9; 34,4
912,9; 34,4
913,9; 34,4
914,9; 34,4
915,9; 34,4
916,9; 34,41
917,9; 34,41
918,9; 34,41
919,9; 34,41
920,9; 34,41
921,9; 34,41
922,9; 34,42
923,9; 34,41
924,9; 34,42
925,9; 34,42
926,9; 34,42
927,9; 34,41
928,9; 34,42
929,9; 34,42
930,9; 34,42
931,9; 34,42
932,9; 34,42
933,9; 34,42
934,9; 34,42
935,9; 34,42
936,9; 34,42
937,9; 34,42
938,9; 34,42
939,9; 34,43
940,9; 34,42
941,9; 34,42
942,9; 34,42
943,9; 34,43
944,9; 34,43
945,9; 34,43
946,9; 34,43
947,9; 34,43
948,9; 34,44
949,9; 34,44
951; 34,44
952; 34,43
953; 34,44
954; 34,44
955; 34,45
956; 34,44
957; 34,45
958; 34,44
959; 34,44
960; 34,44
961; 34,45
962; 34,45
963; 34,45
964; 34,45
965; 34,45
966; 34,45
967; 34,45
968; 34,45
969; 34,46
970; 34,45
971; 34,44
972; 34,45
973; 34,45
974; 34,45
975; 34,45
976; 34,45
977; 34,46
978; 34,45
979; 34,46
980; 34,46
981; 34,45
982; 34,46
983; 34,46
984; 34,46
985; 34,46
986; 34,46
987; 34,47
988; 34,47
989; 34,47
990; 34,47
991; 34,47
992; 34,48
993; 34,48
994; 34,48
995; 34,48
996; 34,48
997; 34,48
998; 34,48
999; 34,48
1000; 34,48
